Record Length,2.500000e+03,,   0.000000000000,  -0.25600,
Sample Interval,2.000000e-03,,   0.002000000000,  -0.25600,
Trigger Point,0.000000000000e+00,,   0.004000000000,  -0.25600,
,,,   0.006000000000,  -0.25600,
,,,   0.008000000000,  -0.25600,
,,,   0.010000000000,  -0.25600,
Source,CH1,,   0.012000000000,  -0.25600,
Vertical Units,V,,   0.014000000000,  -0.25600,
Vertical Scale,5.000000e-02,,   0.016000000000,  -0.25600,
Vertical Offset,0.000000e+00,,   0.018000000000,  -0.25600,
Horizontal Units,s,,   0.020000000000,  -0.25600,
Horizontal Scale,5.000000e-01,,   0.022000000000,  -0.25600,
Pt Fmt,Y,,   0.024000000000,  -0.25600,
Yzero,0.000000e+00,,   0.026000000000,  -0.25600,
Probe Atten,1.000000e+01,,   0.028000000000,  -0.25600,
Model Number,TDS2012C,,   0.030000000000,  -0.25600,
Serial Number,C043694,,   0.032000000000,  -0.25600,
Firmware Version,FV:v24.26,,   0.034000000000,  -0.25600,
,,,0.036000000000,  -0.25600,
,,,0.038000000000,  -0.25600,
,,,0.040000000000,  -0.25600,
,,,0.042000000000,  -0.25600,
,,,0.044000000000,  -0.25600,
,,,0.046000000000,  -0.25600,
,,,0.048000000000,  -0.25600,
,,,0.050000000000,  -0.25600,
,,,0.052000000000,  -0.25600,
,,,0.054000000000,  -0.25600,
,,,0.056000000000,  -0.25600,
,,,0.058000000000,  -0.25600,
,,,0.060000000000,  -0.25600,
,,,0.062000000000,  -0.25600,
,,,0.064000000000,  -0.25600,
,,,0.066000000000,  -0.25600,
,,,0.068000000000,  -0.25600,
,,,0.070000000000,  -0.25600,
,,,0.072000000000,  -0.25600,
,,,0.074000000000,  -0.25600,
,,,0.076000000000,  -0.25600,
,,,0.078000000000,  -0.25600,
,,,0.080000000000,  -0.25600,
,,,0.082000000000,  -0.25600,
,,,0.084000000000,  -0.25600,
,,,0.086000000000,  -0.25600,
,,,0.088000000000,  -0.25600,
,,,0.090000000000,  -0.25600,
,,,0.092000000000,  -0.25600,
,,,0.094000000000,  -0.25600,
,,,0.096000000000,  -0.25600,
,,,0.098000000000,  -0.25600,
,,,0.100000000000,  -0.25600,
,,,0.102000000000,  -0.25600,
,,,0.104000000000,  -0.25600,
,,,0.106000000000,  -0.25600,
,,,0.108000000000,  -0.25600,
,,,0.110000000000,  -0.25600,
,,,0.112000000000,  -0.25600,
,,,0.114000000000,  -0.25600,
,,,0.116000000000,  -0.25600,
,,,0.118000000000,  -0.25600,
,,,0.120000000000,  -0.25600,
,,,0.122000000000,  -0.25600,
,,,0.124000000000,  -0.25600,
,,,0.126000000000,  -0.25600,
,,,0.128000000000,  -0.25600,
,,,0.130000000000,  -0.25600,
,,,0.132000000000,  -0.25600,
,,,0.134000000000,  -0.25600,
,,,0.136000000000,  -0.25600,
,,,0.138000000000,  -0.25600,
,,,0.140000000000,  -0.25600,
,,,0.142000000000,  -0.25600,
,,,0.144000000000,  -0.25600,
,,,0.146000000000,  -0.25600,
,,,0.148000000000,  -0.25600,
,,,0.150000000000,  -0.25600,
,,,0.152000000000,  -0.25600,
,,,0.154000000000,  -0.25600,
,,,0.156000000000,  -0.25600,
,,,0.158000000000,  -0.25600,
,,,0.160000000000,  -0.25600,
,,,0.162000000000,  -0.25600,
,,,0.164000000000,  -0.25600,
,,,0.166000000000,  -0.25600,
,,,0.168000000000,  -0.25600,
,,,0.170000000000,  -0.25600,
,,,0.172000000000,  -0.25600,
,,,0.174000000000,  -0.25600,
,,,0.176000000000,  -0.25600,
,,,0.178000000000,  -0.25600,
,,,0.180000000000,  -0.25600,
,,,0.182000000000,  -0.25600,
,,,0.184000000000,  -0.25600,
,,,0.186000000000,  -0.25600,
,,,0.188000000000,  -0.25600,
,,,0.190000000000,  -0.25600,
,,,0.192000000000,  -0.25600,
,,,0.194000000000,  -0.25600,
,,,0.196000000000,  -0.25600,
,,,0.198000000000,   0.00000,
,,,0.200000000000,   0.00000,
,,,0.202000000000,   0.00600,
,,,0.204000000000,   0.00000,
,,,0.206000000000,  -0.00200,
,,,0.208000000000,   0.00600,
,,,0.210000000000,  -0.00200,
,,,0.212000000000,  -0.00200,
,,,0.214000000000,  -0.00200,
,,,0.216000000000,   0.00400,
,,,0.218000000000,  -0.00600,
,,,0.220000000000,   0.00000,
,,,0.222000000000,  -0.01000,
,,,0.224000000000,  -0.00600,
,,,0.226000000000,   0.01000,
,,,0.228000000000,  -0.00600,
,,,0.230000000000,  -0.00800,
,,,0.232000000000,   0.00400,
,,,0.234000000000,   0.00800,
,,,0.236000000000,   0.00000,
,,,0.238000000000,   0.00400,
,,,0.240000000000,  -0.00800,
,,,0.242000000000,   0.00000,
,,,0.244000000000,   0.00000,
,,,0.246000000000,   0.00200,
,,,0.248000000000,   0.00800,
,,,0.250000000000,   0.00000,
,,,0.252000000000,  -0.00400,
,,,0.254000000000,   0.00600,
,,,0.256000000000,  -0.00600,
,,,0.258000000000,  -0.00600,
,,,0.260000000000,  -0.00600,
,,,0.262000000000,  -0.01000,
,,,0.264000000000,   0.00600,
,,,0.266000000000,  -0.01000,
,,,0.268000000000,  -0.00600,
,,,0.270000000000,  -0.00200,
,,,0.272000000000,   0.00000,
,,,0.274000000000,  -0.00600,
,,,0.276000000000,   0.00000,
,,,0.278000000000,   0.00200,
,,,0.280000000000,  -0.00200,
,,,0.282000000000,  -0.00400,
,,,0.284000000000,  -0.00400,
,,,0.286000000000,  -0.00800,
,,,0.288000000000,   0.00000,
,,,0.290000000000,  -0.00400,
,,,0.292000000000,  -0.00200,
,,,0.294000000000,  -0.00800,
,,,0.296000000000,  -0.00200,
,,,0.298000000000,   0.00400,
,,,0.300000000000,   0.00000,
,,,0.302000000000,   0.00200,
,,,0.304000000000,   0.00200,
,,,0.306000000000,  -0.00400,
,,,0.308000000000,  -0.00800,
,,,0.310000000000,   0.00400,
,,,0.312000000000,   0.00200,
,,,0.314000000000,  -0.00200,
,,,0.316000000000,  -0.00200,
,,,0.318000000000,  -0.00800,
,,,0.320000000000,  -0.00400,
,,,0.322000000000,  -0.00200,
,,,0.324000000000,   0.00200,
,,,0.326000000000,   0.00400,
,,,0.328000000000,  -0.00600,
,,,0.330000000000,  -0.00400,
,,,0.332000000000,   0.00600,
,,,0.334000000000,   0.00200,
,,,0.336000000000,   0.00200,
,,,0.338000000000,  -0.00200,
,,,0.340000000000,  -0.00600,
,,,0.342000000000,   0.00400,
,,,0.344000000000,   0.00400,
,,,0.346000000000,   0.00800,
,,,0.348000000000,   0.00000,
,,,0.350000000000,   0.00400,
,,,0.352000000000,   0.00400,
,,,0.354000000000,  -0.00200,
,,,0.356000000000,   0.00600,
,,,0.358000000000,  -0.00200,
,,,0.360000000000,   0.00600,
,,,0.362000000000,   0.00800,
,,,0.364000000000,  -0.00200,
,,,0.366000000000,  -0.00200,
,,,0.368000000000,   0.00400,
,,,0.370000000000,   0.00000,
,,,0.372000000000,   0.00800,
,,,0.374000000000,  -0.00200,
,,,0.376000000000,   0.00400,
,,,0.378000000000,   0.00200,
,,,0.380000000000,  -0.01000,
,,,0.382000000000,  -0.00800,
,,,0.384000000000,  -0.01200,
,,,0.386000000000,  -0.01200,
,,,0.388000000000,  -0.00800,
,,,0.390000000000,   0.00200,
,,,0.392000000000,  -0.00200,
,,,0.394000000000,  -0.00200,
,,,0.396000000000,  -0.01400,
,,,0.398000000000,  -0.01200,
,,,0.400000000000,  -0.00200,
,,,0.402000000000,   0.00000,
,,,0.404000000000,   0.00800,
,,,0.406000000000,  -0.00400,
,,,0.408000000000,  -0.00600,
,,,0.410000000000,   0.00000,
,,,0.412000000000,   0.00200,
,,,0.414000000000,   0.00400,
,,,0.416000000000,   0.00400,
,,,0.418000000000,  -0.01600,
,,,0.420000000000,   0.00400,
,,,0.422000000000,   0.00600,
,,,0.424000000000,  -0.00600,
,,,0.426000000000,   0.00800,
,,,0.428000000000,  -0.00400,
,,,0.430000000000,  -0.00600,
,,,0.432000000000,   0.00800,
,,,0.434000000000,  -0.00800,
,,,0.436000000000,  -0.01400,
,,,0.438000000000,   0.01400,
,,,0.440000000000,   0.00400,
,,,0.442000000000,  -0.00200,
,,,0.444000000000,   0.00000,
,,,0.446000000000,   0.00000,
,,,0.448000000000,  -0.00200,
,,,0.450000000000,  -0.01000,
,,,0.452000000000,  -0.01000,
,,,0.454000000000,  -0.00200,
,,,0.456000000000,  -0.00800,
,,,0.458000000000,  -0.00800,
,,,0.460000000000,   0.00600,
,,,0.462000000000,  -0.00400,
,,,0.464000000000,  -0.01600,
,,,0.466000000000,   0.00600,
,,,0.468000000000,  -0.00200,
,,,0.470000000000,  -0.01400,
,,,0.472000000000,  -0.01200,
,,,0.474000000000,  -0.01000,
,,,0.476000000000,  -0.00600,
,,,0.478000000000,  -0.00600,
,,,0.480000000000,  -0.01000,
,,,0.482000000000,  -0.01600,
,,,0.484000000000,  -0.00800,
,,,0.486000000000,  -0.01200,
,,,0.488000000000,  -0.01000,
,,,0.490000000000,  -0.01000,
,,,0.492000000000,  -0.00200,
,,,0.494000000000,  -0.00600,
,,,0.496000000000,  -0.01200,
,,,0.498000000000,  -0.00600,
,,,0.500000000000,  -0.00800,
,,,0.502000000000,  -0.01400,
,,,0.504000000000,  -0.01000,
,,,0.506000000000,  -0.01000,
,,,0.508000000000,  -0.00400,
,,,0.510000000000,  -0.00400,
,,,0.512000000000,  -0.00600,
,,,0.514000000000,  -0.00400,
,,,0.516000000000,  -0.01200,
,,,0.518000000000,  -0.00800,
,,,0.520000000000,  -0.01400,
,,,0.522000000000,  -0.01400,
,,,0.524000000000,  -0.00800,
,,,0.526000000000,  -0.00200,
,,,0.528000000000,  -0.01000,
,,,0.530000000000,  -0.01800,
,,,0.532000000000,   0.00000,
,,,0.534000000000,   0.00400,
,,,0.536000000000,  -0.01000,
,,,0.538000000000,  -0.00200,
,,,0.540000000000,   0.00000,
,,,0.542000000000,  -0.00800,
,,,0.544000000000,  -0.01000,
,,,0.546000000000,  -0.01200,
,,,0.548000000000,  -0.01400,
,,,0.550000000000,   0.01800,
,,,0.552000000000,   0.07000,
,,,0.554000000000,   0.11600,
,,,0.556000000000,   0.13200,
,,,0.558000000000,   0.08000,
,,,0.560000000000,  -0.01200,
,,,0.562000000000,  -0.03800,
,,,0.564000000000,  -0.03400,
,,,0.566000000000,  -0.03400,
,,,0.568000000000,  -0.01800,
,,,0.570000000000,   0.07800,
,,,0.572000000000,   0.11600,
,,,0.574000000000,   0.07200,
,,,0.576000000000,   0.03400,
,,,0.578000000000,  -0.03000,
,,,0.580000000000,  -0.05000,
,,,0.582000000000,  -0.05200,
,,,0.584000000000,  -0.03200,
,,,0.586000000000,  -0.00200,
,,,0.588000000000,   0.05200,
,,,0.590000000000,   0.10400,
,,,0.592000000000,   0.07600,
,,,0.594000000000,  -0.01400,
,,,0.596000000000,  -0.05000,
,,,0.598000000000,  -0.05600,
,,,0.600000000000,  -0.04800,
,,,0.602000000000,  -0.03400,
,,,0.604000000000,   0.02400,
,,,0.606000000000,   0.07800,
,,,0.608000000000,   0.06000,
,,,0.610000000000,   0.03400,
,,,0.612000000000,  -0.01600,
,,,0.614000000000,  -0.05800,
,,,0.616000000000,  -0.06000,
,,,0.618000000000,  -0.04600,
,,,0.620000000000,  -0.01800,
,,,0.622000000000,   0.02400,
,,,0.624000000000,   0.09200,
,,,0.626000000000,   0.06600,
,,,0.628000000000,  -0.00400,
,,,0.630000000000,  -0.03600,
,,,0.632000000000,  -0.04800,
,,,0.634000000000,  -0.06000,
,,,0.636000000000,  -0.03200,
,,,0.638000000000,  -0.00200,
,,,0.640000000000,   0.05200,
,,,0.642000000000,   0.07200,
,,,0.644000000000,   0.05200,
,,,0.646000000000,  -0.01200,
,,,0.648000000000,  -0.05000,
,,,0.650000000000,  -0.04400,
,,,0.652000000000,  -0.04400,
,,,0.654000000000,  -0.03600,
,,,0.656000000000,   0.00600,
,,,0.658000000000,   0.06000,
,,,0.660000000000,   0.06200,
,,,0.662000000000,   0.02400,
,,,0.664000000000,  -0.02000,
,,,0.666000000000,  -0.04400,
,,,0.668000000000,  -0.05000,
,,,0.670000000000,  -0.04400,
,,,0.672000000000,  -0.01000,
,,,0.674000000000,   0.01600,
,,,0.676000000000,   0.06800,
,,,0.678000000000,   0.05400,
,,,0.680000000000,   0.00800,
,,,0.682000000000,  -0.04400,
,,,0.684000000000,  -0.04800,
,,,0.686000000000,  -0.05400,
,,,0.688000000000,  -0.03800,
,,,0.690000000000,  -0.00200,
,,,0.692000000000,   0.04600,
,,,0.694000000000,   0.06000,
,,,0.696000000000,   0.03200,
,,,0.698000000000,   0.00000,
,,,0.700000000000,  -0.04400,
,,,0.702000000000,  -0.06200,
,,,0.704000000000,  -0.05000,
,,,0.706000000000,  -0.02000,
,,,0.708000000000,   0.00000,
,,,0.710000000000,   0.04000,
,,,0.712000000000,   0.06400,
,,,0.714000000000,   0.03000,
,,,0.716000000000,  -0.02200,
,,,0.718000000000,  -0.04800,
,,,0.720000000000,  -0.04400,
,,,0.722000000000,  -0.04600,
,,,0.724000000000,  -0.02000,
,,,0.726000000000,   0.02800,
,,,0.728000000000,   0.04800,
,,,0.730000000000,   0.05400,
,,,0.732000000000,   0.01200,
,,,0.734000000000,  -0.03200,
,,,0.736000000000,  -0.04800,
,,,0.738000000000,  -0.04400,
,,,0.740000000000,  -0.04200,
,,,0.742000000000,  -0.00400,
,,,0.744000000000,   0.04200,
,,,0.746000000000,   0.05600,
,,,0.748000000000,   0.04000,
,,,0.750000000000,  -0.00800,
,,,0.752000000000,  -0.03000,
,,,0.754000000000,  -0.02800,
,,,0.756000000000,  -0.03600,
,,,0.758000000000,  -0.02400,
,,,0.760000000000,   0.00400,
,,,0.762000000000,   0.04200,
,,,0.764000000000,   0.04200,
,,,0.766000000000,   0.03200,
,,,0.768000000000,  -0.02200,
,,,0.770000000000,  -0.04200,
,,,0.772000000000,  -0.03800,
,,,0.774000000000,  -0.03600,
,,,0.776000000000,  -0.02400,
,,,0.778000000000,   0.02200,
,,,0.780000000000,   0.05200,
,,,0.782000000000,   0.03600,
,,,0.784000000000,   0.01400,
,,,0.786000000000,  -0.01600,
,,,0.788000000000,  -0.04000,
,,,0.790000000000,  -0.03000,
,,,0.792000000000,  -0.03200,
,,,0.794000000000,   0.00000,
,,,0.796000000000,   0.03000,
,,,0.798000000000,   0.05000,
,,,0.800000000000,   0.03600,
,,,0.802000000000,  -0.00200,
,,,0.804000000000,  -0.02400,
,,,0.806000000000,  -0.03600,
,,,0.808000000000,  -0.03200,
,,,0.810000000000,  -0.02000,
,,,0.812000000000,   0.01600,
,,,0.814000000000,   0.04800,
,,,0.816000000000,   0.05200,
,,,0.818000000000,   0.02200,
,,,0.820000000000,  -0.01000,
,,,0.822000000000,  -0.03000,
,,,0.824000000000,  -0.04400,
,,,0.826000000000,  -0.03600,
,,,0.828000000000,  -0.01400,
,,,0.830000000000,   0.01000,
,,,0.832000000000,   0.04200,
,,,0.834000000000,   0.04800,
,,,0.836000000000,   0.00200,
,,,0.838000000000,  -0.01400,
,,,0.840000000000,  -0.03400,
,,,0.842000000000,  -0.04200,
,,,0.844000000000,  -0.01800,
,,,0.846000000000,  -0.00800,
,,,0.848000000000,   0.02800,
,,,0.850000000000,   0.04400,
,,,0.852000000000,   0.03600,
,,,0.854000000000,   0.00200,
,,,0.856000000000,  -0.02600,
,,,0.858000000000,  -0.03800,
,,,0.860000000000,  -0.03800,
,,,0.862000000000,  -0.01600,
,,,0.864000000000,   0.00200,
,,,0.866000000000,   0.03600,
,,,0.868000000000,   0.03600,
,,,0.870000000000,   0.02000,
,,,0.872000000000,  -0.01200,
,,,0.874000000000,  -0.03600,
,,,0.876000000000,  -0.03200,
,,,0.878000000000,  -0.03400,
,,,0.880000000000,  -0.00800,
,,,0.882000000000,   0.02800,
,,,0.884000000000,   0.05400,
,,,0.886000000000,   0.03800,
,,,0.888000000000,   0.01200,
,,,0.890000000000,  -0.02200,
,,,0.892000000000,  -0.03000,
,,,0.894000000000,  -0.03600,
,,,0.896000000000,  -0.02400,
,,,0.898000000000,  -0.00800,
,,,0.900000000000,   0.02800,
,,,0.902000000000,   0.04800,
,,,0.904000000000,   0.02400,
,,,0.906000000000,  -0.00600,
,,,0.908000000000,  -0.02600,
,,,0.910000000000,  -0.03800,
,,,0.912000000000,  -0.03600,
,,,0.914000000000,  -0.01400,
,,,0.916000000000,   0.00800,
,,,0.918000000000,   0.03600,
,,,0.920000000000,   0.04000,
,,,0.922000000000,   0.01800,
,,,0.924000000000,  -0.01800,
,,,0.926000000000,  -0.02800,
,,,0.928000000000,  -0.03800,
,,,0.930000000000,  -0.02200,
,,,0.932000000000,   0.00200,
,,,0.934000000000,   0.01800,
,,,0.936000000000,   0.04000,
,,,0.938000000000,   0.03000,
,,,0.940000000000,   0.01000,
,,,0.942000000000,  -0.01600,
,,,0.944000000000,  -0.04000,
,,,0.946000000000,  -0.04400,
,,,0.948000000000,  -0.02600,
,,,0.950000000000,  -0.00800,
,,,0.952000000000,   0.02000,
,,,0.954000000000,   0.03600,
,,,0.956000000000,   0.02800,
,,,0.958000000000,  -0.00200,
,,,0.960000000000,  -0.02000,
,,,0.962000000000,  -0.02200,
,,,0.964000000000,  -0.02600,
,,,0.966000000000,  -0.01600,
,,,0.968000000000,  -0.00400,
,,,0.970000000000,   0.03200,
,,,0.972000000000,   0.04000,
,,,0.974000000000,   0.01800,
,,,0.976000000000,   0.00000,
,,,0.978000000000,  -0.02000,
,,,0.980000000000,  -0.03200,
,,,0.982000000000,  -0.03200,
,,,0.984000000000,  -0.00200,
,,,0.986000000000,   0.00600,
,,,0.988000000000,   0.02600,
,,,0.990000000000,   0.03200,
,,,0.992000000000,   0.01400,
,,,0.994000000000,  -0.01600,
,,,0.996000000000,  -0.02800,
,,,0.998000000000,  -0.02200,
,,,1.000000000000,  -0.01600,
,,,1.002000000000,  -0.00600,
,,,1.004000000000,   0.01800,
,,,1.006000000000,   0.02800,
,,,1.008000000000,   0.01800,
,,,1.010000000000,  -0.00200,
,,,1.012000000000,  -0.02600,
,,,1.014000000000,  -0.03200,
,,,1.016000000000,  -0.02800,
,,,1.018000000000,  -0.01200,
,,,1.020000000000,   0.00400,
,,,1.022000000000,   0.03000,
,,,1.024000000000,   0.04200,
,,,1.026000000000,   0.01000,
,,,1.028000000000,  -0.00800,
,,,1.030000000000,  -0.02600,
,,,1.032000000000,  -0.03000,
,,,1.034000000000,  -0.02200,
,,,1.036000000000,  -0.00400,
,,,1.038000000000,   0.01800,
,,,1.040000000000,   0.02600,
,,,1.042000000000,   0.02400,
,,,1.044000000000,   0.00400,
,,,1.046000000000,  -0.01600,
,,,1.048000000000,  -0.02800,
,,,1.050000000000,  -0.02200,
,,,1.052000000000,  -0.01800,
,,,1.054000000000,  -0.00800,
,,,1.056000000000,   0.02600,
,,,1.058000000000,   0.03000,
,,,1.060000000000,   0.01800,
,,,1.062000000000,  -0.00200,
,,,1.064000000000,  -0.02000,
,,,1.066000000000,  -0.03400,
,,,1.068000000000,  -0.02000,
,,,1.070000000000,  -0.00400,
,,,1.072000000000,   0.00400,
,,,1.074000000000,   0.02400,
,,,1.076000000000,   0.03600,
,,,1.078000000000,   0.01600,
,,,1.080000000000,  -0.01000,
,,,1.082000000000,  -0.02200,
,,,1.084000000000,  -0.02200,
,,,1.086000000000,  -0.01600,
,,,1.088000000000,  -0.01000,
,,,1.090000000000,   0.00800,
,,,1.092000000000,   0.03400,
,,,1.094000000000,   0.02400,
,,,1.096000000000,   0.00200,
,,,1.098000000000,  -0.01600,
,,,1.100000000000,  -0.02800,
,,,1.102000000000,  -0.02600,
,,,1.104000000000,  -0.01200,
,,,1.106000000000,  -0.00400,
,,,1.108000000000,   0.02400,
,,,1.110000000000,   0.02600,
,,,1.112000000000,   0.02000,
,,,1.114000000000,  -0.00400,
,,,1.116000000000,  -0.01800,
,,,1.118000000000,  -0.03200,
,,,1.120000000000,  -0.02600,
,,,1.122000000000,  -0.00800,
,,,1.124000000000,   0.00600,
,,,1.126000000000,   0.02400,
,,,1.128000000000,   0.02400,
,,,1.130000000000,   0.00800,
,,,1.132000000000,  -0.00800,
,,,1.134000000000,  -0.02200,
,,,1.136000000000,  -0.01800,
,,,1.138000000000,  -0.01800,
,,,1.140000000000,  -0.00600,
,,,1.142000000000,   0.01000,
,,,1.144000000000,   0.02600,
,,,1.146000000000,   0.01600,
,,,1.148000000000,   0.01000,
,,,1.150000000000,  -0.01000,
,,,1.152000000000,  -0.01800,
,,,1.154000000000,  -0.02000,
,,,1.156000000000,  -0.01800,
,,,1.158000000000,   0.00200,
,,,1.160000000000,   0.00800,
,,,1.162000000000,   0.01800,
,,,1.164000000000,   0.01200,
,,,1.166000000000,   0.00600,
,,,1.168000000000,  -0.01200,
,,,1.170000000000,  -0.02000,
,,,1.172000000000,  -0.02200,
,,,1.174000000000,  -0.00600,
,,,1.176000000000,   0.00200,
,,,1.178000000000,   0.02200,
,,,1.180000000000,   0.02800,
,,,1.182000000000,   0.00400,
,,,1.184000000000,  -0.00400,
,,,1.186000000000,  -0.01800,
,,,1.188000000000,  -0.02200,
,,,1.190000000000,  -0.02400,
,,,1.192000000000,  -0.01200,
,,,1.194000000000,   0.00400,
,,,1.196000000000,   0.03000,
,,,1.198000000000,   0.02200,
,,,1.200000000000,   0.00600,
,,,1.202000000000,  -0.01000,
,,,1.204000000000,  -0.02800,
,,,1.206000000000,  -0.02200,
,,,1.208000000000,  -0.00800,
,,,1.210000000000,   0.00200,
,,,1.212000000000,   0.01400,
,,,1.214000000000,   0.01800,
,,,1.216000000000,   0.01200,
,,,1.218000000000,   0.00200,
,,,1.220000000000,  -0.01200,
,,,1.222000000000,  -0.02800,
,,,1.224000000000,  -0.02400,
,,,1.226000000000,   0.00200,
,,,1.228000000000,   0.00800,
,,,1.230000000000,   0.02800,
,,,1.232000000000,   0.01800,
,,,1.234000000000,   0.01400,
,,,1.236000000000,  -0.00800,
,,,1.238000000000,  -0.02200,
,,,1.240000000000,  -0.02600,
,,,1.242000000000,  -0.01200,
,,,1.244000000000,  -0.01000,
,,,1.246000000000,   0.01800,
,,,1.248000000000,   0.03400,
,,,1.250000000000,   0.01400,
,,,1.252000000000,   0.00000,
,,,1.254000000000,  -0.00400,
,,,1.256000000000,  -0.02800,
,,,1.258000000000,  -0.01600,
,,,1.260000000000,  -0.01400,
,,,1.262000000000,   0.00600,
,,,1.264000000000,   0.02200,
,,,1.266000000000,   0.01600,
,,,1.268000000000,   0.00800,
,,,1.270000000000,  -0.00200,
,,,1.272000000000,  -0.01200,
,,,1.274000000000,  -0.02200,
,,,1.276000000000,  -0.01800,
,,,1.278000000000,  -0.01000,
,,,1.280000000000,   0.01000,
,,,1.282000000000,   0.01600,
,,,1.284000000000,   0.02400,
,,,1.286000000000,   0.00600,
,,,1.288000000000,  -0.00800,
,,,1.290000000000,  -0.02000,
,,,1.292000000000,  -0.02000,
,,,1.294000000000,  -0.01000,
,,,1.296000000000,   0.00200,
,,,1.298000000000,   0.01400,
,,,1.300000000000,   0.02200,
,,,1.302000000000,   0.01000,
,,,1.304000000000,   0.00400,
,,,1.306000000000,  -0.00800,
,,,1.308000000000,  -0.01600,
,,,1.310000000000,  -0.00800,
,,,1.312000000000,  -0.01000,
,,,1.314000000000,   0.00600,
,,,1.316000000000,   0.01600,
,,,1.318000000000,   0.01200,
,,,1.320000000000,   0.01400,
,,,1.322000000000,   0.00200,
,,,1.324000000000,  -0.01400,
,,,1.326000000000,  -0.01600,
,,,1.328000000000,  -0.01600,
,,,1.330000000000,  -0.00800,
,,,1.332000000000,   0.00400,
,,,1.334000000000,   0.01800,
,,,1.336000000000,   0.01400,
,,,1.338000000000,   0.00800,
,,,1.340000000000,  -0.01000,
,,,1.342000000000,  -0.01200,
,,,1.344000000000,  -0.01800,
,,,1.346000000000,  -0.00800,
,,,1.348000000000,  -0.00200,
,,,1.350000000000,   0.01200,
,,,1.352000000000,   0.01400,
,,,1.354000000000,   0.00800,
,,,1.356000000000,   0.00000,
,,,1.358000000000,  -0.01400,
,,,1.360000000000,  -0.01400,
,,,1.362000000000,  -0.01400,
,,,1.364000000000,  -0.01200,
,,,1.366000000000,   0.00200,
,,,1.368000000000,   0.01800,
,,,1.370000000000,   0.01600,
,,,1.372000000000,   0.01000,
,,,1.374000000000,  -0.00200,
,,,1.376000000000,  -0.00800,
,,,1.378000000000,  -0.01400,
,,,1.380000000000,  -0.00600,
,,,1.382000000000,  -0.01000,
,,,1.384000000000,   0.01600,
,,,1.386000000000,   0.02800,
,,,1.388000000000,   0.01800,
,,,1.390000000000,   0.01400,
,,,1.392000000000,  -0.01000,
,,,1.394000000000,  -0.01400,
,,,1.396000000000,  -0.01600,
,,,1.398000000000,  -0.01400,
,,,1.400000000000,   0.01000,
,,,1.402000000000,   0.00800,
,,,1.404000000000,   0.02000,
,,,1.406000000000,   0.01200,
,,,1.408000000000,   0.00800,
,,,1.410000000000,  -0.00200,
,,,1.412000000000,  -0.02200,
,,,1.414000000000,  -0.00400,
,,,1.416000000000,  -0.01400,
,,,1.418000000000,   0.01000,
,,,1.420000000000,   0.01200,
,,,1.422000000000,   0.01200,
,,,1.424000000000,   0.00600,
,,,1.426000000000,   0.00200,
,,,1.428000000000,  -0.00800,
,,,1.430000000000,  -0.01600,
,,,1.432000000000,  -0.01600,
,,,1.434000000000,  -0.00200,
,,,1.436000000000,   0.00200,
,,,1.438000000000,   0.01800,
,,,1.440000000000,   0.01800,
,,,1.442000000000,   0.00200,
,,,1.444000000000,  -0.01200,
,,,1.446000000000,  -0.01600,
,,,1.448000000000,  -0.01600,
,,,1.450000000000,  -0.01400,
,,,1.452000000000,  -0.00400,
,,,1.454000000000,   0.00600,
,,,1.456000000000,   0.01200,
,,,1.458000000000,   0.01400,
,,,1.460000000000,   0.00600,
,,,1.462000000000,  -0.01400,
,,,1.464000000000,  -0.01200,
,,,1.466000000000,  -0.01600,
,,,1.468000000000,  -0.00800,
,,,1.470000000000,   0.01200,
,,,1.472000000000,   0.01200,
,,,1.474000000000,   0.00800,
,,,1.476000000000,   0.01800,
,,,1.478000000000,  -0.00200,
,,,1.480000000000,  -0.01800,
,,,1.482000000000,  -0.01600,
,,,1.484000000000,  -0.01400,
,,,1.486000000000,  -0.00200,
,,,1.488000000000,   0.00400,
,,,1.490000000000,   0.02000,
,,,1.492000000000,   0.01800,
,,,1.494000000000,   0.00600,
,,,1.496000000000,  -0.01000,
,,,1.498000000000,  -0.01200,
,,,1.500000000000,  -0.01200,
,,,1.502000000000,  -0.00600,
,,,1.504000000000,  -0.00400,
,,,1.506000000000,   0.01800,
,,,1.508000000000,   0.01400,
,,,1.510000000000,   0.00800,
,,,1.512000000000,  -0.00200,
,,,1.514000000000,  -0.00400,
,,,1.516000000000,  -0.00800,
,,,1.518000000000,  -0.01400,
,,,1.520000000000,  -0.00400,
,,,1.522000000000,   0.00200,
,,,1.524000000000,   0.01800,
,,,1.526000000000,   0.01000,
,,,1.528000000000,   0.00400,
,,,1.530000000000,  -0.00800,
,,,1.532000000000,  -0.00600,
,,,1.534000000000,  -0.01000,
,,,1.536000000000,  -0.01000,
,,,1.538000000000,  -0.00800,
,,,1.540000000000,   0.00400,
,,,1.542000000000,   0.01400,
,,,1.544000000000,   0.01000,
,,,1.546000000000,   0.00000,
,,,1.548000000000,  -0.00400,
,,,1.550000000000,  -0.01200,
,,,1.552000000000,  -0.02200,
,,,1.554000000000,  -0.00600,
,,,1.556000000000,   0.00600,
,,,1.558000000000,   0.01600,
,,,1.560000000000,   0.00600,
,,,1.562000000000,   0.01400,
,,,1.564000000000,   0.00200,
,,,1.566000000000,  -0.01800,
,,,1.568000000000,  -0.01600,
,,,1.570000000000,  -0.01000,
,,,1.572000000000,  -0.00200,
,,,1.574000000000,   0.00800,
,,,1.576000000000,   0.01200,
,,,1.578000000000,   0.01600,
,,,1.580000000000,   0.00400,
,,,1.582000000000,  -0.00400,
,,,1.584000000000,  -0.00800,
,,,1.586000000000,  -0.01800,
,,,1.588000000000,  -0.01600,
,,,1.590000000000,  -0.00400,
,,,1.592000000000,  -0.00200,
,,,1.594000000000,   0.01400,
,,,1.596000000000,   0.01200,
,,,1.598000000000,   0.00200,
,,,1.600000000000,  -0.00400,
,,,1.602000000000,  -0.01000,
,,,1.604000000000,  -0.02200,
,,,1.606000000000,  -0.00800,
,,,1.608000000000,   0.00600,
,,,1.610000000000,   0.01000,
,,,1.612000000000,   0.02200,
,,,1.614000000000,   0.01400,
,,,1.616000000000,  -0.00200,
,,,1.618000000000,  -0.00200,
,,,1.620000000000,  -0.00800,
,,,1.622000000000,  -0.02000,
,,,1.624000000000,   0.00400,
,,,1.626000000000,   0.01200,
,,,1.628000000000,   0.00600,
,,,1.630000000000,   0.01200,
,,,1.632000000000,   0.00400,
,,,1.634000000000,  -0.00800,
,,,1.636000000000,  -0.01600,
,,,1.638000000000,  -0.02000,
,,,1.640000000000,  -0.01600,
,,,1.642000000000,   0.00600,
,,,1.644000000000,   0.00200,
,,,1.646000000000,   0.01400,
,,,1.648000000000,   0.00800,
,,,1.650000000000,   0.00600,
,,,1.652000000000,  -0.01000,
,,,1.654000000000,  -0.02000,
,,,1.656000000000,  -0.01400,
,,,1.658000000000,  -0.01200,
,,,1.660000000000,   0.01400,
,,,1.662000000000,   0.01800,
,,,1.664000000000,   0.01800,
,,,1.666000000000,   0.01000,
,,,1.668000000000,  -0.00600,
,,,1.670000000000,  -0.01400,
,,,1.672000000000,  -0.00800,
,,,1.674000000000,  -0.00600,
,,,1.676000000000,  -0.00600,
,,,1.678000000000,   0.00800,
,,,1.680000000000,   0.01000,
,,,1.682000000000,   0.01000,
,,,1.684000000000,   0.00600,
,,,1.686000000000,  -0.00600,
,,,1.688000000000,  -0.01200,
,,,1.690000000000,  -0.01000,
,,,1.692000000000,  -0.00800,
,,,1.694000000000,  -0.00800,
,,,1.696000000000,   0.01000,
,,,1.698000000000,   0.01000,
,,,1.700000000000,   0.01200,
,,,1.702000000000,   0.00200,
,,,1.704000000000,  -0.01000,
,,,1.706000000000,  -0.01200,
,,,1.708000000000,  -0.01400,
,,,1.710000000000,  -0.01000,
,,,1.712000000000,   0.01200,
,,,1.714000000000,   0.01000,
,,,1.716000000000,   0.01200,
,,,1.718000000000,   0.01000,
,,,1.720000000000,  -0.01400,
,,,1.722000000000,  -0.00200,
,,,1.724000000000,  -0.01200,
,,,1.726000000000,  -0.00800,
,,,1.728000000000,  -0.00400,
,,,1.730000000000,   0.00400,
,,,1.732000000000,   0.01200,
,,,1.734000000000,   0.01000,
,,,1.736000000000,   0.00000,
,,,1.738000000000,  -0.00400,
,,,1.740000000000,  -0.00800,
,,,1.742000000000,  -0.01400,
,,,1.744000000000,  -0.01400,
,,,1.746000000000,  -0.00200,
,,,1.748000000000,   0.00600,
,,,1.750000000000,   0.01400,
,,,1.752000000000,   0.00600,
,,,1.754000000000,  -0.00800,
,,,1.756000000000,  -0.01000,
,,,1.758000000000,  -0.01600,
,,,1.760000000000,  -0.01000,
,,,1.762000000000,  -0.00800,
,,,1.764000000000,   0.00800,
,,,1.766000000000,   0.01200,
,,,1.768000000000,   0.02000,
,,,1.770000000000,   0.00400,
,,,1.772000000000,  -0.00400,
,,,1.774000000000,  -0.00600,
,,,1.776000000000,  -0.00800,
,,,1.778000000000,  -0.00800,
,,,1.780000000000,  -0.01200,
,,,1.782000000000,   0.00200,
,,,1.784000000000,   0.01200,
,,,1.786000000000,   0.01200,
,,,1.788000000000,   0.00600,
,,,1.790000000000,  -0.00600,
,,,1.792000000000,  -0.01000,
,,,1.794000000000,  -0.01200,
,,,1.796000000000,  -0.00800,
,,,1.798000000000,  -0.00400,
,,,1.800000000000,   0.00200,
,,,1.802000000000,   0.00600,
,,,1.804000000000,   0.01000,
,,,1.806000000000,   0.00400,
,,,1.808000000000,  -0.02200,
,,,1.810000000000,  -0.01800,
,,,1.812000000000,  -0.01400,
,,,1.814000000000,   0.00600,
,,,1.816000000000,   0.00600,
,,,1.818000000000,   0.00600,
,,,1.820000000000,   0.00400,
,,,1.822000000000,  -0.00200,
,,,1.824000000000,   0.00400,
,,,1.826000000000,   0.00200,
,,,1.828000000000,  -0.01400,
,,,1.830000000000,  -0.00800,
,,,1.832000000000,  -0.00200,
,,,1.834000000000,   0.01000,
,,,1.836000000000,   0.01200,
,,,1.838000000000,   0.00800,
,,,1.840000000000,   0.00400,
,,,1.842000000000,  -0.00600,
,,,1.844000000000,  -0.00400,
,,,1.846000000000,  -0.00600,
,,,1.848000000000,  -0.00800,
,,,1.850000000000,   0.00600,
,,,1.852000000000,   0.01200,
,,,1.854000000000,   0.00400,
,,,1.856000000000,   0.00600,
,,,1.858000000000,  -0.00200,
,,,1.860000000000,   0.00600,
,,,1.862000000000,  -0.00400,
,,,1.864000000000,  -0.00800,
,,,1.866000000000,  -0.00800,
,,,1.868000000000,   0.01000,
,,,1.870000000000,   0.01400,
,,,1.872000000000,   0.00800,
,,,1.874000000000,   0.00200,
,,,1.876000000000,  -0.00600,
,,,1.878000000000,  -0.00400,
,,,1.880000000000,  -0.01400,
,,,1.882000000000,  -0.00800,
,,,1.884000000000,  -0.00200,
,,,1.886000000000,   0.00600,
,,,1.888000000000,   0.01200,
,,,1.890000000000,   0.01000,
,,,1.892000000000,   0.00600,
,,,1.894000000000,  -0.00600,
,,,1.896000000000,  -0.01000,
,,,1.898000000000,  -0.01200,
,,,1.900000000000,  -0.01200,
,,,1.902000000000,   0.00400,
,,,1.904000000000,   0.00600,
,,,1.906000000000,   0.00600,
,,,1.908000000000,   0.00000,
,,,1.910000000000,  -0.01000,
,,,1.912000000000,  -0.01400,
,,,1.914000000000,  -0.01000,
,,,1.916000000000,  -0.01200,
,,,1.918000000000,  -0.00800,
,,,1.920000000000,   0.00800,
,,,1.922000000000,   0.00200,
,,,1.924000000000,   0.00800,
,,,1.926000000000,   0.00400,
,,,1.928000000000,  -0.00800,
,,,1.930000000000,  -0.00800,
,,,1.932000000000,  -0.02000,
,,,1.934000000000,  -0.00400,
,,,1.936000000000,  -0.00200,
,,,1.938000000000,   0.00400,
,,,1.940000000000,   0.00400,
,,,1.942000000000,   0.00800,
,,,1.944000000000,  -0.00200,
,,,1.946000000000,  -0.01400,
,,,1.948000000000,  -0.01200,
,,,1.950000000000,  -0.01000,
,,,1.952000000000,  -0.01000,
,,,1.954000000000,   0.00400,
,,,1.956000000000,   0.00800,
,,,1.958000000000,   0.01200,
,,,1.960000000000,   0.00400,
,,,1.962000000000,  -0.00800,
,,,1.964000000000,  -0.00600,
,,,1.966000000000,  -0.01200,
,,,1.968000000000,  -0.00600,
,,,1.970000000000,  -0.00600,
,,,1.972000000000,   0.00400,
,,,1.974000000000,   0.01000,
,,,1.976000000000,   0.01200,
,,,1.978000000000,   0.00400,
,,,1.980000000000,  -0.01000,
,,,1.982000000000,  -0.01400,
,,,1.984000000000,  -0.00600,
,,,1.986000000000,  -0.01000,
,,,1.988000000000,   0.00400,
,,,1.990000000000,   0.01000,
,,,1.992000000000,   0.01200,
,,,1.994000000000,   0.00800,
,,,1.996000000000,   0.00200,
,,,1.998000000000,  -0.01400,
,,,2.000000000000,  -0.00800,
,,,2.002000000000,  -0.00800,
,,,2.004000000000,  -0.00800,
,,,2.006000000000,   0.00200,
,,,2.008000000000,   0.00800,
,,,2.010000000000,   0.01400,
,,,2.012000000000,   0.00600,
,,,2.014000000000,  -0.01000,
,,,2.016000000000,  -0.00800,
,,,2.018000000000,  -0.01200,
,,,2.020000000000,  -0.01000,
,,,2.022000000000,   0.00000,
,,,2.024000000000,   0.00400,
,,,2.026000000000,   0.00800,
,,,2.028000000000,   0.00600,
,,,2.030000000000,  -0.00400,
,,,2.032000000000,  -0.00400,
,,,2.034000000000,  -0.00800,
,,,2.036000000000,  -0.00400,
,,,2.038000000000,  -0.00600,
,,,2.040000000000,  -0.00200,
,,,2.042000000000,   0.00400,
,,,2.044000000000,   0.01200,
,,,2.046000000000,   0.00600,
,,,2.048000000000,   0.00400,
,,,2.050000000000,  -0.00800,
,,,2.052000000000,  -0.01200,
,,,2.054000000000,  -0.00400,
,,,2.056000000000,  -0.00400,
,,,2.058000000000,   0.00600,
,,,2.060000000000,   0.01000,
,,,2.062000000000,   0.00800,
,,,2.064000000000,   0.00000,
,,,2.066000000000,  -0.00800,
,,,2.068000000000,   0.00200,
,,,2.070000000000,  -0.00600,
,,,2.072000000000,  -0.00200,
,,,2.074000000000,  -0.00400,
,,,2.076000000000,   0.00800,
,,,2.078000000000,   0.01200,
,,,2.080000000000,   0.01000,
,,,2.082000000000,   0.00400,
,,,2.084000000000,  -0.00800,
,,,2.086000000000,  -0.00800,
,,,2.088000000000,  -0.00600,
,,,2.090000000000,  -0.01000,
,,,2.092000000000,   0.00400,
,,,2.094000000000,   0.00000,
,,,2.096000000000,   0.01600,
,,,2.098000000000,   0.00600,
,,,2.100000000000,  -0.00600,
,,,2.102000000000,  -0.01400,
,,,2.104000000000,  -0.01000,
,,,2.106000000000,  -0.00200,
,,,2.108000000000,  -0.01000,
,,,2.110000000000,   0.00200,
,,,2.112000000000,   0.01000,
,,,2.114000000000,   0.00200,
,,,2.116000000000,   0.00000,
,,,2.118000000000,  -0.01000,
,,,2.120000000000,  -0.00800,
,,,2.122000000000,  -0.00800,
,,,2.124000000000,  -0.00800,
,,,2.126000000000,   0.00400,
,,,2.128000000000,   0.00600,
,,,2.130000000000,   0.01800,
,,,2.132000000000,   0.00200,
,,,2.134000000000,   0.00800,
,,,2.136000000000,  -0.00400,
,,,2.138000000000,  -0.01200,
,,,2.140000000000,  -0.00400,
,,,2.142000000000,  -0.01200,
,,,2.144000000000,   0.00200,
,,,2.146000000000,   0.00800,
,,,2.148000000000,   0.01600,
,,,2.150000000000,   0.00200,
,,,2.152000000000,  -0.00800,
,,,2.154000000000,  -0.00600,
,,,2.156000000000,  -0.00600,
,,,2.158000000000,  -0.01200,
,,,2.160000000000,  -0.00200,
,,,2.162000000000,  -0.00200,
,,,2.164000000000,   0.00200,
,,,2.166000000000,  -0.00200,
,,,2.168000000000,   0.00600,
,,,2.170000000000,   0.00200,
,,,2.172000000000,  -0.00400,
,,,2.174000000000,  -0.00400,
,,,2.176000000000,  -0.01600,
,,,2.178000000000,   0.00400,
,,,2.180000000000,   0.00200,
,,,2.182000000000,   0.01000,
,,,2.184000000000,   0.01200,
,,,2.186000000000,   0.00000,
,,,2.188000000000,  -0.00800,
,,,2.190000000000,  -0.01800,
,,,2.192000000000,   0.00200,
,,,2.194000000000,  -0.00400,
,,,2.196000000000,   0.00200,
,,,2.198000000000,   0.00400,
,,,2.200000000000,   0.00800,
,,,2.202000000000,   0.01000,
,,,2.204000000000,   0.00400,
,,,2.206000000000,  -0.00400,
,,,2.208000000000,  -0.00400,
,,,2.210000000000,  -0.01000,
,,,2.212000000000,  -0.00400,
,,,2.214000000000,  -0.00200,
,,,2.216000000000,  -0.00200,
,,,2.218000000000,   0.01000,
,,,2.220000000000,   0.00800,
,,,2.222000000000,  -0.00800,
,,,2.224000000000,  -0.00800,
,,,2.226000000000,  -0.00800,
,,,2.228000000000,  -0.00400,
,,,2.230000000000,   0.00200,
,,,2.232000000000,   0.00200,
,,,2.234000000000,   0.01000,
,,,2.236000000000,   0.00600,
,,,2.238000000000,  -0.00200,
,,,2.240000000000,  -0.01000,
,,,2.242000000000,  -0.00800,
,,,2.244000000000,  -0.00600,
,,,2.246000000000,  -0.01600,
,,,2.248000000000,   0.00600,
,,,2.250000000000,   0.01400,
,,,2.252000000000,   0.00600,
,,,2.254000000000,   0.00000,
,,,2.256000000000,  -0.00400,
,,,2.258000000000,  -0.01200,
,,,2.260000000000,  -0.00200,
,,,2.262000000000,  -0.01000,
,,,2.264000000000,  -0.00800,
,,,2.266000000000,   0.01000,
,,,2.268000000000,   0.01000,
,,,2.270000000000,   0.00000,
,,,2.272000000000,   0.00800,
,,,2.274000000000,  -0.00800,
,,,2.276000000000,   0.00000,
,,,2.278000000000,  -0.01200,
,,,2.280000000000,  -0.00400,
,,,2.282000000000,  -0.00400,
,,,2.284000000000,   0.00600,
,,,2.286000000000,   0.00000,
,,,2.288000000000,   0.00600,
,,,2.290000000000,   0.00000,
,,,2.292000000000,  -0.00200,
,,,2.294000000000,   0.00000,
,,,2.296000000000,  -0.00600,
,,,2.298000000000,  -0.01000,
,,,2.300000000000,   0.00200,
,,,2.302000000000,   0.00400,
,,,2.304000000000,  -0.00200,
,,,2.306000000000,   0.00600,
,,,2.308000000000,  -0.00800,
,,,2.310000000000,  -0.01000,
,,,2.312000000000,  -0.00400,
,,,2.314000000000,   0.00200,
,,,2.316000000000,  -0.00800,
,,,2.318000000000,   0.01200,
,,,2.320000000000,   0.01800,
,,,2.322000000000,   0.00400,
,,,2.324000000000,   0.00400,
,,,2.326000000000,   0.00000,
,,,2.328000000000,  -0.00600,
,,,2.330000000000,  -0.00400,
,,,2.332000000000,  -0.00400,
,,,2.334000000000,   0.00800,
,,,2.336000000000,   0.00200,
,,,2.338000000000,   0.01200,
,,,2.340000000000,   0.00800,
,,,2.342000000000,  -0.00600,
,,,2.344000000000,  -0.00400,
,,,2.346000000000,  -0.00800,
,,,2.348000000000,  -0.00400,
,,,2.350000000000,  -0.00400,
,,,2.352000000000,   0.00200,
,,,2.354000000000,  -0.00400,
,,,2.356000000000,   0.01000,
,,,2.358000000000,   0.00800,
,,,2.360000000000,  -0.00400,
,,,2.362000000000,  -0.00800,
,,,2.364000000000,  -0.00800,
,,,2.366000000000,  -0.00400,
,,,2.368000000000,  -0.00200,
,,,2.370000000000,   0.00600,
,,,2.372000000000,   0.01000,
,,,2.374000000000,   0.00200,
,,,2.376000000000,   0.00600,
,,,2.378000000000,  -0.01600,
,,,2.380000000000,  -0.00600,
,,,2.382000000000,  -0.00800,
,,,2.384000000000,   0.00000,
,,,2.386000000000,   0.00000,
,,,2.388000000000,   0.01400,
,,,2.390000000000,   0.01000,
,,,2.392000000000,  -0.00200,
,,,2.394000000000,  -0.00400,
,,,2.396000000000,  -0.00600,
,,,2.398000000000,  -0.00600,
,,,2.400000000000,  -0.01200,
,,,2.402000000000,   0.00000,
,,,2.404000000000,   0.00600,
,,,2.406000000000,  -0.00200,
,,,2.408000000000,   0.00800,
,,,2.410000000000,   0.01000,
,,,2.412000000000,  -0.00800,
,,,2.414000000000,  -0.00800,
,,,2.416000000000,  -0.00400,
,,,2.418000000000,  -0.00800,
,,,2.420000000000,  -0.00200,
,,,2.422000000000,   0.01000,
,,,2.424000000000,   0.00200,
,,,2.426000000000,   0.01200,
,,,2.428000000000,   0.00600,
,,,2.430000000000,  -0.01400,
,,,2.432000000000,  -0.00400,
,,,2.434000000000,   0.00000,
,,,2.436000000000,  -0.01400,
,,,2.438000000000,   0.00600,
,,,2.440000000000,   0.00600,
,,,2.442000000000,   0.00200,
,,,2.444000000000,   0.00400,
,,,2.446000000000,  -0.00800,
,,,2.448000000000,  -0.00600,
,,,2.450000000000,   0.00200,
,,,2.452000000000,  -0.02400,
,,,2.454000000000,  -0.00800,
,,,2.456000000000,   0.00600,
,,,2.458000000000,   0.00200,
,,,2.460000000000,   0.01000,
,,,2.462000000000,   0.00000,
,,,2.464000000000,  -0.00800,
,,,2.466000000000,   0.00200,
,,,2.468000000000,  -0.00800,
,,,2.470000000000,   0.00000,
,,,2.472000000000,  -0.00200,
,,,2.474000000000,   0.00600,
,,,2.476000000000,   0.00200,
,,,2.478000000000,   0.00000,
,,,2.480000000000,  -0.00200,
,,,2.482000000000,  -0.00200,
,,,2.484000000000,  -0.00400,
,,,2.486000000000,  -0.01000,
,,,2.488000000000,  -0.00200,
,,,2.490000000000,   0.00400,
,,,2.492000000000,   0.00600,
,,,2.494000000000,   0.01200,
,,,2.496000000000,   0.00800,
,,,2.498000000000,  -0.00200,
,,,2.500000000000,  -0.00400,
,,,2.502000000000,  -0.01800,
,,,2.504000000000,  -0.00200,
,,,2.506000000000,  -0.00400,
,,,2.508000000000,   0.01400,
,,,2.510000000000,   0.00800,
,,,2.512000000000,   0.00200,
,,,2.514000000000,   0.00000,
,,,2.516000000000,  -0.00600,
,,,2.518000000000,  -0.00800,
,,,2.520000000000,  -0.00800,
,,,2.522000000000,  -0.00800,
,,,2.524000000000,   0.00000,
,,,2.526000000000,   0.01600,
,,,2.528000000000,   0.00200,
,,,2.530000000000,   0.01400,
,,,2.532000000000,  -0.00200,
,,,2.534000000000,  -0.01000,
,,,2.536000000000,   0.00200,
,,,2.538000000000,   0.00200,
,,,2.540000000000,   0.01000,
,,,2.542000000000,   0.00800,
,,,2.544000000000,   0.00600,
,,,2.546000000000,   0.00200,
,,,2.548000000000,   0.00200,
,,,2.550000000000,  -0.00200,
,,,2.552000000000,  -0.00400,
,,,2.554000000000,  -0.00600,
,,,2.556000000000,   0.00000,
,,,2.558000000000,  -0.00600,
,,,2.560000000000,   0.01000,
,,,2.562000000000,  -0.01000,
,,,2.564000000000,   0.00200,
,,,2.566000000000,   0.00400,
,,,2.568000000000,  -0.00600,
,,,2.570000000000,  -0.01400,
,,,2.572000000000,   0.00400,
,,,2.574000000000,   0.00000,
,,,2.576000000000,   0.00800,
,,,2.578000000000,   0.00400,
,,,2.580000000000,   0.00600,
,,,2.582000000000,  -0.00600,
,,,2.584000000000,  -0.00400,
,,,2.586000000000,  -0.00200,
,,,2.588000000000,   0.00000,
,,,2.590000000000,  -0.01200,
,,,2.592000000000,   0.00200,
,,,2.594000000000,   0.00600,
,,,2.596000000000,   0.01800,
,,,2.598000000000,   0.00200,
,,,2.600000000000,   0.00000,
,,,2.602000000000,  -0.01200,
,,,2.604000000000,  -0.00800,
,,,2.606000000000,  -0.00800,
,,,2.608000000000,  -0.00400,
,,,2.610000000000,  -0.00200,
,,,2.612000000000,   0.00200,
,,,2.614000000000,   0.00600,
,,,2.616000000000,   0.00400,
,,,2.618000000000,   0.01000,
,,,2.620000000000,  -0.00800,
,,,2.622000000000,  -0.00200,
,,,2.624000000000,  -0.00400,
,,,2.626000000000,  -0.00600,
,,,2.628000000000,   0.00600,
,,,2.630000000000,   0.01400,
,,,2.632000000000,   0.00400,
,,,2.634000000000,  -0.00200,
,,,2.636000000000,  -0.00800,
,,,2.638000000000,   0.00200,
,,,2.640000000000,  -0.00800,
,,,2.642000000000,  -0.00200,
,,,2.644000000000,  -0.00600,
,,,2.646000000000,   0.00800,
,,,2.648000000000,   0.01000,
,,,2.650000000000,   0.01000,
,,,2.652000000000,   0.00200,
,,,2.654000000000,  -0.00400,
,,,2.656000000000,  -0.00400,
,,,2.658000000000,   0.00200,
,,,2.660000000000,  -0.01000,
,,,2.662000000000,  -0.00400,
,,,2.664000000000,   0.00200,
,,,2.666000000000,   0.00200,
,,,2.668000000000,   0.01000,
,,,2.670000000000,  -0.00200,
,,,2.672000000000,  -0.01200,
,,,2.674000000000,   0.00000,
,,,2.676000000000,   0.00000,
,,,2.678000000000,  -0.00400,
,,,2.680000000000,   0.00000,
,,,2.682000000000,   0.01800,
,,,2.684000000000,   0.01200,
,,,2.686000000000,   0.00800,
,,,2.688000000000,  -0.00400,
,,,2.690000000000,  -0.00600,
,,,2.692000000000,   0.00200,
,,,2.694000000000,  -0.01000,
,,,2.696000000000,   0.00600,
,,,2.698000000000,   0.01000,
,,,2.700000000000,   0.00600,
,,,2.702000000000,   0.00800,
,,,2.704000000000,   0.00600,
,,,2.706000000000,  -0.01400,
,,,2.708000000000,   0.00000,
,,,2.710000000000,  -0.00800,
,,,2.712000000000,  -0.00600,
,,,2.714000000000,   0.00400,
,,,2.716000000000,   0.00800,
,,,2.718000000000,   0.01000,
,,,2.720000000000,   0.00400,
,,,2.722000000000,   0.00600,
,,,2.724000000000,   0.00200,
,,,2.726000000000,  -0.00800,
,,,2.728000000000,  -0.00800,
,,,2.730000000000,   0.00200,
,,,2.732000000000,   0.01000,
,,,2.734000000000,   0.00800,
,,,2.736000000000,   0.00400,
,,,2.738000000000,   0.01800,
,,,2.740000000000,  -0.00800,
,,,2.742000000000,  -0.01000,
,,,2.744000000000,  -0.01000,
,,,2.746000000000,   0.00400,
,,,2.748000000000,   0.00400,
,,,2.750000000000,   0.00600,
,,,2.752000000000,   0.01600,
,,,2.754000000000,   0.00800,
,,,2.756000000000,   0.00000,
,,,2.758000000000,  -0.01000,
,,,2.760000000000,   0.00000,
,,,2.762000000000,  -0.01400,
,,,2.764000000000,  -0.00400,
,,,2.766000000000,   0.00400,
,,,2.768000000000,   0.00800,
,,,2.770000000000,   0.00000,
,,,2.772000000000,   0.00000,
,,,2.774000000000,  -0.00600,
,,,2.776000000000,  -0.00200,
,,,2.778000000000,  -0.01400,
,,,2.780000000000,  -0.00800,
,,,2.782000000000,  -0.01000,
,,,2.784000000000,  -0.00200,
,,,2.786000000000,   0.00200,
,,,2.788000000000,  -0.00400,
,,,2.790000000000,  -0.00400,
,,,2.792000000000,  -0.00400,
,,,2.794000000000,  -0.00200,
,,,2.796000000000,  -0.00200,
,,,2.798000000000,  -0.00600,
,,,2.800000000000,   0.01000,
,,,2.802000000000,   0.00000,
,,,2.804000000000,  -0.00200,
,,,2.806000000000,  -0.00400,
,,,2.808000000000,   0.00000,
,,,2.810000000000,   0.00600,
,,,2.812000000000,  -0.00800,
,,,2.814000000000,   0.00400,
,,,2.816000000000,  -0.00400,
,,,2.818000000000,   0.00400,
,,,2.820000000000,   0.00600,
,,,2.822000000000,  -0.00800,
,,,2.824000000000,   0.00200,
,,,2.826000000000,   0.00000,
,,,2.828000000000,   0.00600,
,,,2.830000000000,   0.00200,
,,,2.832000000000,   0.00400,
,,,2.834000000000,   0.00600,
,,,2.836000000000,   0.00800,
,,,2.838000000000,  -0.00200,
,,,2.840000000000,   0.00200,
,,,2.842000000000,  -0.00200,
,,,2.844000000000,   0.00200,
,,,2.846000000000,   0.00600,
,,,2.848000000000,  -0.00600,
,,,2.850000000000,   0.00000,
,,,2.852000000000,  -0.00200,
,,,2.854000000000,   0.00400,
,,,2.856000000000,   0.00800,
,,,2.858000000000,   0.00600,
,,,2.860000000000,  -0.00200,
,,,2.862000000000,  -0.00800,
,,,2.864000000000,  -0.00400,
,,,2.866000000000,   0.00400,
,,,2.868000000000,  -0.00800,
,,,2.870000000000,  -0.01000,
,,,2.872000000000,  -0.00600,
,,,2.874000000000,  -0.00200,
,,,2.876000000000,   0.00400,
,,,2.878000000000,  -0.01400,
,,,2.880000000000,  -0.01000,
,,,2.882000000000,  -0.00800,
,,,2.884000000000,  -0.00400,
,,,2.886000000000,  -0.00600,
,,,2.888000000000,  -0.01400,
,,,2.890000000000,  -0.00800,
,,,2.892000000000,  -0.00600,
,,,2.894000000000,  -0.00800,
,,,2.896000000000,   0.00200,
,,,2.898000000000,  -0.01400,
,,,2.900000000000,  -0.01000,
,,,2.902000000000,  -0.01200,
,,,2.904000000000,  -0.01000,
,,,2.906000000000,  -0.01000,
,,,2.908000000000,  -0.01600,
,,,2.910000000000,  -0.01800,
,,,2.912000000000,  -0.01000,
,,,2.914000000000,  -0.01400,
,,,2.916000000000,  -0.00800,
,,,2.918000000000,  -0.01000,
,,,2.920000000000,  -0.02000,
,,,2.922000000000,  -0.00400,
,,,2.924000000000,  -0.00800,
,,,2.926000000000,  -0.00800,
,,,2.928000000000,  -0.00800,
,,,2.930000000000,  -0.01000,
,,,2.932000000000,  -0.01400,
,,,2.934000000000,  -0.00200,
,,,2.936000000000,  -0.01000,
,,,2.938000000000,  -0.01600,
,,,2.940000000000,   0.00600,
,,,2.942000000000,  -0.01400,
,,,2.944000000000,  -0.00400,
,,,2.946000000000,  -0.01400,
,,,2.948000000000,  -0.00400,
,,,2.950000000000,  -0.00800,
,,,2.952000000000,  -0.01000,
,,,2.954000000000,  -0.00800,
,,,2.956000000000,   0.00000,
,,,2.958000000000,  -0.00400,
,,,2.960000000000,  -0.01200,
,,,2.962000000000,  -0.01000,
,,,2.964000000000,  -0.00600,
,,,2.966000000000,  -0.00800,
,,,2.968000000000,  -0.00400,
,,,2.970000000000,  -0.01000,
,,,2.972000000000,  -0.00800,
,,,2.974000000000,  -0.00600,
,,,2.976000000000,   0.00000,
,,,2.978000000000,  -0.01200,
,,,2.980000000000,  -0.00800,
,,,2.982000000000,  -0.01000,
,,,2.984000000000,  -0.00200,
,,,2.986000000000,  -0.00800,
,,,2.988000000000,   0.00400,
,,,2.990000000000,  -0.00600,
,,,2.992000000000,   0.01600,
,,,2.994000000000,   0.09200,
,,,2.996000000000,   0.11200,
,,,2.998000000000,   0.12600,
,,,3.000000000000,   0.06600,
,,,3.002000000000,  -0.01600,
,,,3.004000000000,  -0.03400,
,,,3.006000000000,  -0.03200,
,,,3.008000000000,  -0.02000,
,,,3.010000000000,   0.01400,
,,,3.012000000000,   0.07200,
,,,3.014000000000,   0.10600,
,,,3.016000000000,   0.06600,
,,,3.018000000000,   0.02000,
,,,3.020000000000,  -0.03800,
,,,3.022000000000,  -0.05000,
,,,3.024000000000,  -0.04400,
,,,3.026000000000,  -0.02600,
,,,3.028000000000,   0.02000,
,,,3.030000000000,   0.06000,
,,,3.032000000000,   0.09400,
,,,3.034000000000,   0.05600,
,,,3.036000000000,  -0.01600,
,,,3.038000000000,  -0.04200,
,,,3.040000000000,  -0.04800,
,,,3.042000000000,  -0.05000,
,,,3.044000000000,  -0.03200,
,,,3.046000000000,   0.03000,
,,,3.048000000000,   0.07800,
,,,3.050000000000,   0.06000,
,,,3.052000000000,   0.02600,
,,,3.054000000000,  -0.02600,
,,,3.056000000000,  -0.06000,
,,,3.058000000000,  -0.05000,
,,,3.060000000000,  -0.04200,
,,,3.062000000000,  -0.00800,
,,,3.064000000000,   0.03600,
,,,3.066000000000,   0.07800,
,,,3.068000000000,   0.04800,
,,,3.070000000000,   0.00000,
,,,3.072000000000,  -0.04200,
,,,3.074000000000,  -0.05200,
,,,3.076000000000,  -0.04400,
,,,3.078000000000,  -0.03400,
,,,3.080000000000,   0.00600,
,,,3.082000000000,   0.04400,
,,,3.084000000000,   0.06400,
,,,3.086000000000,   0.04000,
,,,3.088000000000,  -0.01200,
,,,3.090000000000,  -0.05000,
,,,3.092000000000,  -0.05200,
,,,3.094000000000,  -0.03200,
,,,3.096000000000,  -0.02800,
,,,3.098000000000,   0.00200,
,,,3.100000000000,   0.06000,
,,,3.102000000000,   0.06000,
,,,3.104000000000,   0.01800,
,,,3.106000000000,  -0.02000,
,,,3.108000000000,  -0.04600,
,,,3.110000000000,  -0.05000,
,,,3.112000000000,  -0.04000,
,,,3.114000000000,  -0.01200,
,,,3.116000000000,   0.03200,
,,,3.118000000000,   0.05800,
,,,3.120000000000,   0.04800,
,,,3.122000000000,   0.01000,
,,,3.124000000000,  -0.04200,
,,,3.126000000000,  -0.04200,
,,,3.128000000000,  -0.04200,
,,,3.130000000000,  -0.03400,
,,,3.132000000000,   0.00200,
,,,3.134000000000,   0.04800,
,,,3.136000000000,   0.06000,
,,,3.138000000000,   0.03200,
,,,3.140000000000,  -0.01000,
,,,3.142000000000,  -0.03800,
,,,3.144000000000,  -0.04400,
,,,3.146000000000,  -0.04000,
,,,3.148000000000,  -0.02400,
,,,3.150000000000,   0.01800,
,,,3.152000000000,   0.04200,
,,,3.154000000000,   0.05800,
,,,3.156000000000,   0.00800,
,,,3.158000000000,  -0.03200,
,,,3.160000000000,  -0.03800,
,,,3.162000000000,  -0.04400,
,,,3.164000000000,  -0.04000,
,,,3.166000000000,  -0.01000,
,,,3.168000000000,   0.03200,
,,,3.170000000000,   0.05000,
,,,3.172000000000,   0.04400,
,,,3.174000000000,   0.01200,
,,,3.176000000000,  -0.02800,
,,,3.178000000000,  -0.03800,
,,,3.180000000000,  -0.03600,
,,,3.182000000000,  -0.03000,
,,,3.184000000000,   0.00800,
,,,3.186000000000,   0.04200,
,,,3.188000000000,   0.06200,
,,,3.190000000000,   0.04200,
,,,3.192000000000,  -0.01200,
,,,3.194000000000,  -0.03400,
,,,3.196000000000,  -0.04400,
,,,3.198000000000,  -0.03600,
,,,3.200000000000,  -0.01800,
,,,3.202000000000,   0.01000,
,,,3.204000000000,   0.04200,
,,,3.206000000000,   0.04400,
,,,3.208000000000,   0.01600,
,,,3.210000000000,  -0.01400,
,,,3.212000000000,  -0.03800,
,,,3.214000000000,  -0.03200,
,,,3.216000000000,  -0.04200,
,,,3.218000000000,  -0.00200,
,,,3.220000000000,   0.01800,
,,,3.222000000000,   0.04800,
,,,3.224000000000,   0.04000,
,,,3.226000000000,   0.00400,
,,,3.228000000000,  -0.02600,
,,,3.230000000000,  -0.03800,
,,,3.232000000000,  -0.03800,
,,,3.234000000000,  -0.02000,
,,,3.236000000000,   0.00800,
,,,3.238000000000,   0.03200,
,,,3.240000000000,   0.04600,
,,,3.242000000000,   0.04200,
,,,3.244000000000,  -0.01000,
,,,3.246000000000,  -0.03800,
,,,3.248000000000,  -0.04600,
,,,3.250000000000,  -0.03800,
,,,3.252000000000,  -0.01600,
,,,3.254000000000,   0.00400,
,,,3.256000000000,   0.03800,
,,,3.258000000000,   0.04000,
,,,3.260000000000,   0.01600,
,,,3.262000000000,  -0.01800,
,,,3.264000000000,  -0.03200,
,,,3.266000000000,  -0.04200,
,,,3.268000000000,  -0.03000,
,,,3.270000000000,  -0.01400,
,,,3.272000000000,   0.02400,
,,,3.274000000000,   0.04800,
,,,3.276000000000,   0.04000,
,,,3.278000000000,   0.00600,
,,,3.280000000000,  -0.02000,
,,,3.282000000000,  -0.04000,
,,,3.284000000000,  -0.04400,
,,,3.286000000000,  -0.02200,
,,,3.288000000000,   0.00400,
,,,3.290000000000,   0.03000,
,,,3.292000000000,   0.04200,
,,,3.294000000000,   0.03000,
,,,3.296000000000,  -0.01000,
,,,3.298000000000,  -0.03200,
,,,3.300000000000,  -0.04400,
,,,3.302000000000,  -0.03800,
,,,3.304000000000,  -0.01400,
,,,3.306000000000,   0.00400,
,,,3.308000000000,   0.05000,
,,,3.310000000000,   0.03400,
,,,3.312000000000,   0.01600,
,,,3.314000000000,  -0.01800,
,,,3.316000000000,  -0.02600,
,,,3.318000000000,  -0.02600,
,,,3.320000000000,  -0.02200,
,,,3.322000000000,  -0.01400,
,,,3.324000000000,   0.02400,
,,,3.326000000000,   0.04200,
,,,3.328000000000,   0.04200,
,,,3.330000000000,   0.01400,
,,,3.332000000000,  -0.02200,
,,,3.334000000000,  -0.04400,
,,,3.336000000000,  -0.03200,
,,,3.338000000000,  -0.01800,
,,,3.340000000000,   0.00400,
,,,3.342000000000,   0.02600,
,,,3.344000000000,   0.03800,
,,,3.346000000000,   0.02000,
,,,3.348000000000,  -0.00600,
,,,3.350000000000,  -0.02800,
,,,3.352000000000,  -0.03600,
,,,3.354000000000,  -0.01800,
,,,3.356000000000,  -0.00800,
,,,3.358000000000,   0.01600,
,,,3.360000000000,   0.03000,
,,,3.362000000000,   0.04000,
,,,3.364000000000,   0.01600,
,,,3.366000000000,  -0.01600,
,,,3.368000000000,  -0.02600,
,,,3.370000000000,  -0.03800,
,,,3.372000000000,  -0.02000,
,,,3.374000000000,  -0.01000,
,,,3.376000000000,   0.01400,
,,,3.378000000000,   0.04800,
,,,3.380000000000,   0.03000,
,,,3.382000000000,   0.00600,
,,,3.384000000000,  -0.01400,
,,,3.386000000000,  -0.03400,
,,,3.388000000000,  -0.02000,
,,,3.390000000000,  -0.01400,
,,,3.392000000000,   0.00600,
,,,3.394000000000,   0.02400,
,,,3.396000000000,   0.04200,
,,,3.398000000000,   0.02400,
,,,3.400000000000,  -0.01400,
,,,3.402000000000,  -0.02000,
,,,3.404000000000,  -0.02600,
,,,3.406000000000,  -0.02800,
,,,3.408000000000,  -0.01000,
,,,3.410000000000,   0.00600,
,,,3.412000000000,   0.02400,
,,,3.414000000000,   0.02600,
,,,3.416000000000,   0.01400,
,,,3.418000000000,  -0.01200,
,,,3.420000000000,  -0.02400,
,,,3.422000000000,  -0.03000,
,,,3.424000000000,  -0.02000,
,,,3.426000000000,  -0.01400,
,,,3.428000000000,   0.01800,
,,,3.430000000000,   0.03800,
,,,3.432000000000,   0.02400,
,,,3.434000000000,   0.00800,
,,,3.436000000000,  -0.01000,
,,,3.438000000000,  -0.03000,
,,,3.440000000000,  -0.02600,
,,,3.442000000000,  -0.01800,
,,,3.444000000000,   0.00600,
,,,3.446000000000,   0.02600,
,,,3.448000000000,   0.03000,
,,,3.450000000000,   0.01800,
,,,3.452000000000,  -0.00200,
,,,3.454000000000,  -0.02400,
,,,3.456000000000,  -0.02600,
,,,3.458000000000,  -0.02600,
,,,3.460000000000,   0.00600,
,,,3.462000000000,   0.01200,
,,,3.464000000000,   0.02600,
,,,3.466000000000,   0.04000,
,,,3.468000000000,   0.00600,
,,,3.470000000000,  -0.01800,
,,,3.472000000000,  -0.03000,
,,,3.474000000000,  -0.02600,
,,,3.476000000000,  -0.01800,
,,,3.478000000000,  -0.00400,
,,,3.480000000000,   0.01200,
,,,3.482000000000,   0.02800,
,,,3.484000000000,   0.02400,
,,,3.486000000000,   0.00600,
,,,3.488000000000,  -0.01000,
,,,3.490000000000,  -0.02800,
,,,3.492000000000,  -0.02600,
,,,3.494000000000,  -0.01000,
,,,3.496000000000,   0.00600,
,,,3.498000000000,   0.02400,
,,,3.500000000000,   0.03200,
,,,3.502000000000,   0.01800,
,,,3.504000000000,   0.00400,
,,,3.506000000000,  -0.02000,
,,,3.508000000000,  -0.02000,
,,,3.510000000000,  -0.02400,
,,,3.512000000000,  -0.01200,
,,,3.514000000000,   0.01200,
,,,3.516000000000,   0.02400,
,,,3.518000000000,   0.03200,
,,,3.520000000000,   0.00800,
,,,3.522000000000,  -0.00800,
,,,3.524000000000,  -0.02000,
,,,3.526000000000,  -0.01000,
,,,3.528000000000,  -0.02200,
,,,3.530000000000,  -0.00800,
,,,3.532000000000,   0.02600,
,,,3.534000000000,   0.02200,
,,,3.536000000000,   0.01600,
,,,3.538000000000,   0.00400,
,,,3.540000000000,  -0.01800,
,,,3.542000000000,  -0.02400,
,,,3.544000000000,  -0.02600,
,,,3.546000000000,  -0.01800,
,,,3.548000000000,   0.00400,
,,,3.550000000000,   0.02200,
,,,3.552000000000,   0.02400,
,,,3.554000000000,   0.00800,
,,,3.556000000000,  -0.01200,
,,,3.558000000000,  -0.01600,
,,,3.560000000000,  -0.02000,
,,,3.562000000000,  -0.02800,
,,,3.564000000000,  -0.00200,
,,,3.566000000000,   0.01000,
,,,3.568000000000,   0.02600,
,,,3.570000000000,   0.02600,
,,,3.572000000000,   0.00800,
,,,3.574000000000,  -0.00600,
,,,3.576000000000,  -0.01800,
,,,3.578000000000,  -0.02800,
,,,3.580000000000,  -0.01000,
,,,3.582000000000,  -0.00200,
,,,3.584000000000,   0.01200,
,,,3.586000000000,   0.01400,
,,,3.588000000000,   0.01400,
,,,3.590000000000,   0.00800,
,,,3.592000000000,  -0.00800,
,,,3.594000000000,  -0.02200,
,,,3.596000000000,  -0.02200,
,,,3.598000000000,  -0.01400,
,,,3.600000000000,   0.00200,
,,,3.602000000000,   0.01600,
,,,3.604000000000,   0.01800,
,,,3.606000000000,   0.01400,
,,,3.608000000000,   0.00200,
,,,3.610000000000,  -0.01200,
,,,3.612000000000,  -0.02600,
,,,3.614000000000,  -0.02000,
,,,3.616000000000,  -0.01000,
,,,3.618000000000,   0.01400,
,,,3.620000000000,   0.02800,
,,,3.622000000000,   0.02200,
,,,3.624000000000,   0.00800,
,,,3.626000000000,  -0.00600,
,,,3.628000000000,  -0.01800,
,,,3.630000000000,  -0.01800,
,,,3.632000000000,  -0.01000,
,,,3.634000000000,   0.00000,
,,,3.636000000000,   0.01800,
,,,3.638000000000,   0.03400,
,,,3.640000000000,   0.01400,
,,,3.642000000000,  -0.00600,
,,,3.644000000000,  -0.01200,
,,,3.646000000000,  -0.02000,
,,,3.648000000000,  -0.02200,
,,,3.650000000000,  -0.01200,
,,,3.652000000000,   0.01000,
,,,3.654000000000,   0.02400,
,,,3.656000000000,   0.02400,
,,,3.658000000000,   0.01200,
,,,3.660000000000,   0.00200,
,,,3.662000000000,  -0.01600,
,,,3.664000000000,  -0.02000,
,,,3.666000000000,  -0.01600,
,,,3.668000000000,  -0.01000,
,,,3.670000000000,   0.01600,
,,,3.672000000000,   0.02400,
,,,3.674000000000,   0.02200,
,,,3.676000000000,   0.02000,
,,,3.678000000000,  -0.01800,
,,,3.680000000000,  -0.01800,
,,,3.682000000000,  -0.02800,
,,,3.684000000000,  -0.01600,
,,,3.686000000000,  -0.00600,
,,,3.688000000000,   0.01200,
,,,3.690000000000,   0.02000,
,,,3.692000000000,   0.01600,
,,,3.694000000000,  -0.00200,
,,,3.696000000000,  -0.01600,
,,,3.698000000000,  -0.01800,
,,,3.700000000000,  -0.02600,
,,,3.702000000000,   0.00200,
,,,3.704000000000,   0.00000,
,,,3.706000000000,   0.01400,
,,,3.708000000000,   0.01200,
,,,3.710000000000,   0.01200,
,,,3.712000000000,  -0.00800,
,,,3.714000000000,  -0.01200,
,,,3.716000000000,  -0.01800,
,,,3.718000000000,  -0.01000,
,,,3.720000000000,  -0.00800,
,,,3.722000000000,   0.01200,
,,,3.724000000000,   0.02400,
,,,3.726000000000,   0.01600,
,,,3.728000000000,   0.01600,
,,,3.730000000000,  -0.01400,
,,,3.732000000000,  -0.01800,
,,,3.734000000000,  -0.00200,
,,,3.736000000000,  -0.00200,
,,,3.738000000000,  -0.00200,
,,,3.740000000000,   0.01600,
,,,3.742000000000,   0.01800,
,,,3.744000000000,   0.01800,
,,,3.746000000000,   0.00000,
,,,3.748000000000,  -0.00600,
,,,3.750000000000,  -0.01600,
,,,3.752000000000,  -0.01000,
,,,3.754000000000,  -0.00600,
,,,3.756000000000,   0.01200,
,,,3.758000000000,   0.01000,
,,,3.760000000000,   0.01400,
,,,3.762000000000,   0.00600,
,,,3.764000000000,  -0.00400,
,,,3.766000000000,  -0.01600,
,,,3.768000000000,  -0.02200,
,,,3.770000000000,  -0.01000,
,,,3.772000000000,  -0.00800,
,,,3.774000000000,   0.00600,
,,,3.776000000000,   0.02400,
,,,3.778000000000,   0.01400,
,,,3.780000000000,   0.00200,
,,,3.782000000000,  -0.01800,
,,,3.784000000000,  -0.01600,
,,,3.786000000000,  -0.02600,
,,,3.788000000000,  -0.01000,
,,,3.790000000000,   0.00000,
,,,3.792000000000,   0.00600,
,,,3.794000000000,   0.01800,
,,,3.796000000000,   0.01400,
,,,3.798000000000,   0.00200,
,,,3.800000000000,  -0.01200,
,,,3.802000000000,  -0.02000,
,,,3.804000000000,  -0.01200,
,,,3.806000000000,   0.00000,
,,,3.808000000000,   0.00200,
,,,3.810000000000,   0.02400,
,,,3.812000000000,   0.02000,
,,,3.814000000000,   0.01200,
,,,3.816000000000,  -0.00600,
,,,3.818000000000,  -0.00800,
,,,3.820000000000,  -0.02400,
,,,3.822000000000,  -0.02000,
,,,3.824000000000,  -0.01000,
,,,3.826000000000,   0.01800,
,,,3.828000000000,   0.02000,
,,,3.830000000000,   0.00800,
,,,3.832000000000,  -0.00600,
,,,3.834000000000,  -0.00800,
,,,3.836000000000,  -0.01600,
,,,3.838000000000,  -0.01200,
,,,3.840000000000,  -0.01200,
,,,3.842000000000,   0.00200,
,,,3.844000000000,   0.01800,
,,,3.846000000000,   0.01600,
,,,3.848000000000,   0.01000,
,,,3.850000000000,   0.00400,
,,,3.852000000000,  -0.01000,
,,,3.854000000000,  -0.01600,
,,,3.856000000000,  -0.00600,
,,,3.858000000000,  -0.01000,
,,,3.860000000000,   0.00800,
,,,3.862000000000,   0.01600,
,,,3.864000000000,   0.01800,
,,,3.866000000000,   0.00800,
,,,3.868000000000,  -0.00800,
,,,3.870000000000,  -0.01200,
,,,3.872000000000,  -0.02800,
,,,3.874000000000,  -0.01400,
,,,3.876000000000,  -0.00800,
,,,3.878000000000,   0.01200,
,,,3.880000000000,   0.01800,
,,,3.882000000000,   0.00800,
,,,3.884000000000,   0.00200,
,,,3.886000000000,  -0.01400,
,,,3.888000000000,  -0.01000,
,,,3.890000000000,  -0.02000,
,,,3.892000000000,  -0.00400,
,,,3.894000000000,  -0.00600,
,,,3.896000000000,   0.01800,
,,,3.898000000000,   0.02400,
,,,3.900000000000,   0.00600,
,,,3.902000000000,   0.00000,
,,,3.904000000000,   0.00600,
,,,3.906000000000,  -0.01600,
,,,3.908000000000,  -0.01400,
,,,3.910000000000,  -0.00800,
,,,3.912000000000,   0.00000,
,,,3.914000000000,   0.01600,
,,,3.916000000000,   0.00600,
,,,3.918000000000,   0.00600,
,,,3.920000000000,  -0.01200,
,,,3.922000000000,  -0.01600,
,,,3.924000000000,  -0.01000,
,,,3.926000000000,  -0.00400,
,,,3.928000000000,   0.00400,
,,,3.930000000000,  -0.00200,
,,,3.932000000000,   0.01600,
,,,3.934000000000,   0.01800,
,,,3.936000000000,   0.00000,
,,,3.938000000000,  -0.02000,
,,,3.940000000000,  -0.01200,
,,,3.942000000000,  -0.02400,
,,,3.944000000000,  -0.00200,
,,,3.946000000000,   0.00000,
,,,3.948000000000,   0.00800,
,,,3.950000000000,   0.02000,
,,,3.952000000000,   0.01400,
,,,3.954000000000,  -0.00400,
,,,3.956000000000,  -0.01600,
,,,3.958000000000,  -0.02600,
,,,3.960000000000,  -0.01200,
,,,3.962000000000,  -0.00200,
,,,3.964000000000,   0.00600,
,,,3.966000000000,   0.01200,
,,,3.968000000000,   0.01400,
,,,3.970000000000,   0.00000,
,,,3.972000000000,  -0.01400,
,,,3.974000000000,  -0.02000,
,,,3.976000000000,  -0.01000,
,,,3.978000000000,  -0.01200,
,,,3.980000000000,  -0.00600,
,,,3.982000000000,   0.01200,
,,,3.984000000000,   0.01200,
,,,3.986000000000,   0.01000,
,,,3.988000000000,  -0.00200,
,,,3.990000000000,  -0.00600,
,,,3.992000000000,  -0.01600,
,,,3.994000000000,  -0.01800,
,,,3.996000000000,  -0.00200,
,,,3.998000000000,   0.00800,
,,,4.000000000000,   0.01800,
,,,4.002000000000,   0.01400,
,,,4.004000000000,   0.00600,
,,,4.006000000000,   0.00200,
,,,4.008000000000,  -0.01000,
,,,4.010000000000,  -0.00800,
,,,4.012000000000,  -0.01200,
,,,4.014000000000,  -0.00800,
,,,4.016000000000,   0.00600,
,,,4.018000000000,   0.01800,
,,,4.020000000000,   0.01000,
,,,4.022000000000,   0.00200,
,,,4.024000000000,  -0.01000,
,,,4.026000000000,  -0.01400,
,,,4.028000000000,  -0.02200,
,,,4.030000000000,  -0.01000,
,,,4.032000000000,  -0.00400,
,,,4.034000000000,   0.01400,
,,,4.036000000000,   0.01600,
,,,4.038000000000,   0.00800,
,,,4.040000000000,   0.00200,
,,,4.042000000000,  -0.00800,
,,,4.044000000000,  -0.01400,
,,,4.046000000000,  -0.01000,
,,,4.048000000000,  -0.00800,
,,,4.050000000000,   0.01000,
,,,4.052000000000,   0.00800,
,,,4.054000000000,   0.00600,
,,,4.056000000000,   0.00800,
,,,4.058000000000,  -0.00200,
,,,4.060000000000,  -0.00600,
,,,4.062000000000,  -0.01000,
,,,4.064000000000,  -0.01000,
,,,4.066000000000,  -0.01400,
,,,4.068000000000,  -0.00200,
,,,4.070000000000,   0.01000,
,,,4.072000000000,   0.01000,
,,,4.074000000000,   0.00400,
,,,4.076000000000,  -0.00600,
,,,4.078000000000,  -0.01400,
,,,4.080000000000,  -0.01400,
,,,4.082000000000,  -0.01000,
,,,4.084000000000,  -0.00200,
,,,4.086000000000,   0.01800,
,,,4.088000000000,   0.00400,
,,,4.090000000000,   0.01000,
,,,4.092000000000,  -0.00200,
,,,4.094000000000,  -0.01200,
,,,4.096000000000,  -0.01400,
,,,4.098000000000,  -0.00800,
,,,4.100000000000,  -0.02200,
,,,4.102000000000,   0.01400,
,,,4.104000000000,   0.01400,
,,,4.106000000000,   0.00800,
,,,4.108000000000,   0.00600,
,,,4.110000000000,  -0.00400,
,,,4.112000000000,  -0.00600,
,,,4.114000000000,  -0.00800,
,,,4.116000000000,  -0.00800,
,,,4.118000000000,   0.00000,
,,,4.120000000000,   0.00000,
,,,4.122000000000,   0.01200,
,,,4.124000000000,   0.01000,
,,,4.126000000000,   0.00000,
,,,4.128000000000,   0.00000,
,,,4.130000000000,  -0.01000,
,,,4.132000000000,  -0.01000,
,,,4.134000000000,  -0.00400,
,,,4.136000000000,   0.00200,
,,,4.138000000000,   0.01400,
,,,4.140000000000,   0.01000,
,,,4.142000000000,   0.01400,
,,,4.144000000000,   0.00000,
,,,4.146000000000,  -0.01000,
,,,4.148000000000,  -0.02000,
,,,4.150000000000,  -0.00800,
,,,4.152000000000,  -0.00200,
,,,4.154000000000,   0.01400,
,,,4.156000000000,   0.01000,
,,,4.158000000000,   0.00200,
,,,4.160000000000,   0.00800,
,,,4.162000000000,  -0.01600,
,,,4.164000000000,  -0.01200,
,,,4.166000000000,  -0.01400,
,,,4.168000000000,  -0.00600,
,,,4.170000000000,  -0.01200,
,,,4.172000000000,   0.00800,
,,,4.174000000000,   0.02400,
,,,4.176000000000,   0.01200,
,,,4.178000000000,   0.00600,
,,,4.180000000000,  -0.01000,
,,,4.182000000000,  -0.01200,
,,,4.184000000000,  -0.01200,
,,,4.186000000000,  -0.00800,
,,,4.188000000000,   0.00600,
,,,4.190000000000,   0.01600,
,,,4.192000000000,   0.01600,
,,,4.194000000000,   0.01000,
,,,4.196000000000,  -0.00200,
,,,4.198000000000,  -0.01000,
,,,4.200000000000,  -0.01800,
,,,4.202000000000,  -0.00800,
,,,4.204000000000,   0.00200,
,,,4.206000000000,   0.00800,
,,,4.208000000000,   0.00600,
,,,4.210000000000,   0.01000,
,,,4.212000000000,   0.00400,
,,,4.214000000000,  -0.00800,
,,,4.216000000000,  -0.01200,
,,,4.218000000000,  -0.00800,
,,,4.220000000000,   0.00200,
,,,4.222000000000,  -0.00400,
,,,4.224000000000,   0.00600,
,,,4.226000000000,   0.01000,
,,,4.228000000000,   0.01000,
,,,4.230000000000,   0.00400,
,,,4.232000000000,  -0.01600,
,,,4.234000000000,  -0.00800,
,,,4.236000000000,  -0.01200,
,,,4.238000000000,  -0.00600,
,,,4.240000000000,   0.00000,
,,,4.242000000000,   0.01000,
,,,4.244000000000,   0.00800,
,,,4.246000000000,   0.00800,
,,,4.248000000000,   0.01000,
,,,4.250000000000,  -0.00800,
,,,4.252000000000,  -0.01600,
,,,4.254000000000,  -0.00400,
,,,4.256000000000,  -0.00800,
,,,4.258000000000,   0.00200,
,,,4.260000000000,   0.01400,
,,,4.262000000000,   0.00800,
,,,4.264000000000,   0.00200,
,,,4.266000000000,  -0.00800,
,,,4.268000000000,  -0.00200,
,,,4.270000000000,  -0.00800,
,,,4.272000000000,  -0.00800,
,,,4.274000000000,  -0.00600,
,,,4.276000000000,   0.00200,
,,,4.278000000000,   0.00800,
,,,4.280000000000,   0.00800,
,,,4.282000000000,  -0.00600,
,,,4.284000000000,  -0.01200,
,,,4.286000000000,  -0.01200,
,,,4.288000000000,  -0.01200,
,,,4.290000000000,  -0.00600,
,,,4.292000000000,   0.00800,
,,,4.294000000000,   0.00400,
,,,4.296000000000,   0.00400,
,,,4.298000000000,   0.00800,
,,,4.300000000000,  -0.00800,
,,,4.302000000000,  -0.00800,
,,,4.304000000000,  -0.00800,
,,,4.306000000000,  -0.00200,
,,,4.308000000000,  -0.00800,
,,,4.310000000000,   0.01000,
,,,4.312000000000,   0.01400,
,,,4.314000000000,   0.00600,
,,,4.316000000000,   0.00600,
,,,4.318000000000,   0.00200,
,,,4.320000000000,  -0.01200,
,,,4.322000000000,  -0.00600,
,,,4.324000000000,  -0.02000,
,,,4.326000000000,   0.00400,
,,,4.328000000000,   0.00200,
,,,4.330000000000,   0.01200,
,,,4.332000000000,   0.00000,
,,,4.334000000000,   0.00000,
,,,4.336000000000,  -0.00800,
,,,4.338000000000,  -0.01000,
,,,4.340000000000,  -0.01400,
,,,4.342000000000,   0.00000,
,,,4.344000000000,   0.00000,
,,,4.346000000000,   0.01000,
,,,4.348000000000,   0.01000,
,,,4.350000000000,   0.00400,
,,,4.352000000000,  -0.00800,
,,,4.354000000000,  -0.01000,
,,,4.356000000000,  -0.01000,
,,,4.358000000000,  -0.00200,
,,,4.360000000000,  -0.00800,
,,,4.362000000000,   0.00600,
,,,4.364000000000,   0.00800,
,,,4.366000000000,   0.00600,
,,,4.368000000000,   0.01000,
,,,4.370000000000,  -0.01600,
,,,4.372000000000,  -0.01000,
,,,4.374000000000,  -0.00400,
,,,4.376000000000,  -0.01000,
,,,4.378000000000,   0.00200,
,,,4.380000000000,   0.00400,
,,,4.382000000000,   0.01000,
,,,4.384000000000,   0.00400,
,,,4.386000000000,   0.01200,
,,,4.388000000000,  -0.00800,
,,,4.390000000000,  -0.01000,
,,,4.392000000000,  -0.01200,
,,,4.394000000000,  -0.01800,
,,,4.396000000000,   0.00200,
,,,4.398000000000,   0.00800,
,,,4.400000000000,   0.01400,
,,,4.402000000000,   0.00200,
,,,4.404000000000,  -0.00800,
,,,4.406000000000,  -0.00800,
,,,4.408000000000,  -0.00600,
,,,4.410000000000,  -0.00200,
,,,4.412000000000,   0.00200,
,,,4.414000000000,   0.00600,
,,,4.416000000000,   0.01000,
,,,4.418000000000,   0.01800,
,,,4.420000000000,   0.00600,
,,,4.422000000000,  -0.00800,
,,,4.424000000000,   0.00200,
,,,4.426000000000,   0.00400,
,,,4.428000000000,  -0.00200,
,,,4.430000000000,   0.01000,
,,,4.432000000000,   0.01400,
,,,4.434000000000,   0.01800,
,,,4.436000000000,  -0.00200,
,,,4.438000000000,   0.00400,
,,,4.440000000000,  -0.00800,
,,,4.442000000000,  -0.01200,
,,,4.444000000000,  -0.00400,
,,,4.446000000000,  -0.00200,
,,,4.448000000000,   0.00600,
,,,4.450000000000,   0.00200,
,,,4.452000000000,   0.00800,
,,,4.454000000000,   0.00400,
,,,4.456000000000,  -0.01600,
,,,4.458000000000,  -0.01000,
,,,4.460000000000,  -0.00600,
,,,4.462000000000,  -0.00600,
,,,4.464000000000,  -0.01000,
,,,4.466000000000,   0.00600,
,,,4.468000000000,   0.01400,
,,,4.470000000000,  -0.00400,
,,,4.472000000000,  -0.00200,
,,,4.474000000000,  -0.00800,
,,,4.476000000000,   0.00000,
,,,4.478000000000,  -0.01400,
,,,4.480000000000,  -0.01000,
,,,4.482000000000,   0.00600,
,,,4.484000000000,   0.00400,
,,,4.486000000000,   0.00600,
,,,4.488000000000,   0.00800,
,,,4.490000000000,  -0.00600,
,,,4.492000000000,  -0.00800,
,,,4.494000000000,  -0.01400,
,,,4.496000000000,  -0.01000,
,,,4.498000000000,  -0.00600,
,,,4.500000000000,   0.00800,
,,,4.502000000000,   0.01800,
,,,4.504000000000,   0.00000,
,,,4.506000000000,   0.00600,
,,,4.508000000000,  -0.00800,
,,,4.510000000000,  -0.00800,
,,,4.512000000000,  -0.00800,
,,,4.514000000000,  -0.01400,
,,,4.516000000000,  -0.00800,
,,,4.518000000000,   0.00800,
,,,4.520000000000,   0.01000,
,,,4.522000000000,   0.01000,
,,,4.524000000000,   0.00200,
,,,4.526000000000,  -0.01400,
,,,4.528000000000,  -0.00400,
,,,4.530000000000,  -0.01000,
,,,4.532000000000,  -0.00400,
,,,4.534000000000,   0.00600,
,,,4.536000000000,   0.00600,
,,,4.538000000000,   0.02000,
,,,4.540000000000,   0.00200,
,,,4.542000000000,  -0.00400,
,,,4.544000000000,  -0.01600,
,,,4.546000000000,  -0.01200,
,,,4.548000000000,  -0.01600,
,,,4.550000000000,  -0.00400,
,,,4.552000000000,   0.00800,
,,,4.554000000000,   0.01000,
,,,4.556000000000,   0.00600,
,,,4.558000000000,   0.00000,
,,,4.560000000000,  -0.00200,
,,,4.562000000000,  -0.00200,
,,,4.564000000000,  -0.00200,
,,,4.566000000000,  -0.01000,
,,,4.568000000000,  -0.00400,
,,,4.570000000000,   0.00400,
,,,4.572000000000,   0.00600,
,,,4.574000000000,   0.00400,
,,,4.576000000000,   0.00800,
,,,4.578000000000,  -0.01400,
,,,4.580000000000,  -0.00800,
,,,4.582000000000,  -0.01600,
,,,4.584000000000,  -0.00800,
,,,4.586000000000,   0.01200,
,,,4.588000000000,   0.01000,
,,,4.590000000000,   0.00800,
,,,4.592000000000,   0.00200,
,,,4.594000000000,  -0.01600,
,,,4.596000000000,  -0.00200,
,,,4.598000000000,  -0.00600,
,,,4.600000000000,  -0.00200,
,,,4.602000000000,  -0.00200,
,,,4.604000000000,   0.01600,
,,,4.606000000000,   0.01200,
,,,4.608000000000,   0.01200,
,,,4.610000000000,   0.00600,
,,,4.612000000000,  -0.00400,
,,,4.614000000000,  -0.00800,
,,,4.616000000000,  -0.01000,
,,,4.618000000000,  -0.01000,
,,,4.620000000000,   0.00200,
,,,4.622000000000,   0.00000,
,,,4.624000000000,   0.01200,
,,,4.626000000000,   0.00200,
,,,4.628000000000,  -0.00200,
,,,4.630000000000,   0.00000,
,,,4.632000000000,  -0.00400,
,,,4.634000000000,  -0.00400,
,,,4.636000000000,  -0.00400,
,,,4.638000000000,   0.00400,
,,,4.640000000000,   0.00600,
,,,4.642000000000,  -0.00400,
,,,4.644000000000,  -0.00800,
,,,4.646000000000,  -0.00400,
,,,4.648000000000,  -0.00600,
,,,4.650000000000,  -0.01000,
,,,4.652000000000,  -0.00200,
,,,4.654000000000,  -0.00200,
,,,4.656000000000,   0.00000,
,,,4.658000000000,   0.00400,
,,,4.660000000000,  -0.00200,
,,,4.662000000000,  -0.00200,
,,,4.664000000000,  -0.00400,
,,,4.666000000000,  -0.00600,
,,,4.668000000000,  -0.00800,
,,,4.670000000000,  -0.00200,
,,,4.672000000000,   0.00800,
,,,4.674000000000,   0.00000,
,,,4.676000000000,   0.00600,
,,,4.678000000000,   0.00000,
,,,4.680000000000,  -0.00200,
,,,4.682000000000,  -0.00800,
,,,4.684000000000,  -0.00800,
,,,4.686000000000,  -0.00800,
,,,4.688000000000,  -0.00800,
,,,4.690000000000,   0.01200,
,,,4.692000000000,   0.00600,
,,,4.694000000000,   0.00400,
,,,4.696000000000,   0.00600,
,,,4.698000000000,  -0.25600,
,,,4.700000000000,  -0.25600,
,,,4.702000000000,  -0.25600,
,,,4.704000000000,  -0.25600,
,,,4.706000000000,  -0.25600,
,,,4.708000000000,  -0.25600,
,,,4.710000000000,  -0.25600,
,,,4.712000000000,  -0.25600,
,,,4.714000000000,  -0.25600,
,,,4.716000000000,  -0.25600,
,,,4.718000000000,  -0.25600,
,,,4.720000000000,  -0.25600,
,,,4.722000000000,  -0.25600,
,,,4.724000000000,  -0.25600,
,,,4.726000000000,  -0.25600,
,,,4.728000000000,  -0.25600,
,,,4.730000000000,  -0.25600,
,,,4.732000000000,  -0.25600,
,,,4.734000000000,  -0.25600,
,,,4.736000000000,  -0.25600,
,,,4.738000000000,  -0.25600,
,,,4.740000000000,  -0.25600,
,,,4.742000000000,  -0.25600,
,,,4.744000000000,  -0.25600,
,,,4.746000000000,  -0.25600,
,,,4.748000000000,  -0.25600,
,,,4.750000000000,  -0.25600,
,,,4.752000000000,  -0.25600,
,,,4.754000000000,  -0.25600,
,,,4.756000000000,  -0.25600,
,,,4.758000000000,  -0.25600,
,,,4.760000000000,  -0.25600,
,,,4.762000000000,  -0.25600,
,,,4.764000000000,  -0.25600,
,,,4.766000000000,  -0.25600,
,,,4.768000000000,  -0.25600,
,,,4.770000000000,  -0.25600,
,,,4.772000000000,  -0.25600,
,,,4.774000000000,  -0.25600,
,,,4.776000000000,  -0.25600,
,,,4.778000000000,  -0.25600,
,,,4.780000000000,  -0.25600,
,,,4.782000000000,  -0.25600,
,,,4.784000000000,  -0.25600,
,,,4.786000000000,  -0.25600,
,,,4.788000000000,  -0.25600,
,,,4.790000000000,  -0.25600,
,,,4.792000000000,  -0.25600,
,,,4.794000000000,  -0.25600,
,,,4.796000000000,  -0.25600,
,,,4.798000000000,  -0.25600,
,,,4.800000000000,  -0.25600,
,,,4.802000000000,  -0.25600,
,,,4.804000000000,  -0.25600,
,,,4.806000000000,  -0.25600,
,,,4.808000000000,  -0.25600,
,,,4.810000000000,  -0.25600,
,,,4.812000000000,  -0.25600,
,,,4.814000000000,  -0.25600,
,,,4.816000000000,  -0.25600,
,,,4.818000000000,  -0.25600,
,,,4.820000000000,  -0.25600,
,,,4.822000000000,  -0.25600,
,,,4.824000000000,  -0.25600,
,,,4.826000000000,  -0.25600,
,,,4.828000000000,  -0.25600,
,,,4.830000000000,  -0.25600,
,,,4.832000000000,  -0.25600,
,,,4.834000000000,  -0.25600,
,,,4.836000000000,  -0.25600,
,,,4.838000000000,  -0.25600,
,,,4.840000000000,  -0.25600,
,,,4.842000000000,  -0.25600,
,,,4.844000000000,  -0.25600,
,,,4.846000000000,  -0.25600,
,,,4.848000000000,  -0.25600,
,,,4.850000000000,  -0.25600,
,,,4.852000000000,  -0.25600,
,,,4.854000000000,  -0.25600,
,,,4.856000000000,  -0.25600,
,,,4.858000000000,  -0.25600,
,,,4.860000000000,  -0.25600,
,,,4.862000000000,  -0.25600,
,,,4.864000000000,  -0.25600,
,,,4.866000000000,  -0.25600,
,,,4.868000000000,  -0.25600,
,,,4.870000000000,  -0.25600,
,,,4.872000000000,  -0.25600,
,,,4.874000000000,  -0.25600,
,,,4.876000000000,  -0.25600,
,,,4.878000000000,  -0.25600,
,,,4.880000000000,  -0.25600,
,,,4.882000000000,  -0.25600,
,,,4.884000000000,  -0.25600,
,,,4.886000000000,  -0.25600,
,,,4.888000000000,  -0.25600,
,,,4.890000000000,  -0.25600,
,,,4.892000000000,  -0.25600,
,,,4.894000000000,  -0.25600,
,,,4.896000000000,  -0.25600,
,,,4.898000000000,  -0.25600,
,,,4.900000000000,  -0.25600,
,,,4.902000000000,  -0.25600,
,,,4.904000000000,  -0.25600,
,,,4.906000000000,  -0.25600,
,,,4.908000000000,  -0.25600,
,,,4.910000000000,  -0.25600,
,,,4.912000000000,  -0.25600,
,,,4.914000000000,  -0.25600,
,,,4.916000000000,  -0.25600,
,,,4.918000000000,  -0.25600,
,,,4.920000000000,  -0.25600,
,,,4.922000000000,  -0.25600,
,,,4.924000000000,  -0.25600,
,,,4.926000000000,  -0.25600,
,,,4.928000000000,  -0.25600,
,,,4.930000000000,  -0.25600,
,,,4.932000000000,  -0.25600,
,,,4.934000000000,  -0.25600,
,,,4.936000000000,  -0.25600,
,,,4.938000000000,  -0.25600,
,,,4.940000000000,  -0.25600,
,,,4.942000000000,  -0.25600,
,,,4.944000000000,  -0.25600,
,,,4.946000000000,  -0.25600,
,,,4.948000000000,  -0.25600,
,,,4.950000000000,  -0.25600,
,,,4.952000000000,  -0.25600,
,,,4.954000000000,  -0.25600,
,,,4.956000000000,  -0.25600,
,,,4.958000000000,  -0.25600,
,,,4.960000000000,  -0.25600,
,,,4.962000000000,  -0.25600,
,,,4.964000000000,  -0.25600,
,,,4.966000000000,  -0.25600,
,,,4.968000000000,  -0.25600,
,,,4.970000000000,  -0.25600,
,,,4.972000000000,  -0.25600,
,,,4.974000000000,  -0.25600,
,,,4.976000000000,  -0.25600,
,,,4.978000000000,  -0.25600,
,,,4.980000000000,  -0.25600,
,,,4.982000000000,  -0.25600,
,,,4.984000000000,  -0.25600,
,,,4.986000000000,  -0.25600,
,,,4.988000000000,  -0.25600,
,,,4.990000000000,  -0.25600,
,,,4.992000000000,  -0.25600,
,,,4.994000000000,  -0.25600,
,,,4.996000000000,  -0.25600,
,,,4.998000000000,  -0.25600,
